t,DV,PV_Exp,PV_DV_FOPDTOPT,PV_DV_SOPDTOPT
0.000000000000000000e+00,0.000000000000000000e+00,0.000000000000000000e+00,0.000000000000000000e+00,0.000000000000000000e+00
1.000000000000000000e+00,1.000000000000000000e+00,8.000000000000895934e-04,0.000000000000000000e+00,0.000000000000000000e+00
2.000000000000000000e+00,1.000000000000000000e+00,7.249999999999977816e-03,0.000000000000000000e+00,0.000000000000000000e+00
3.000000000000000000e+00,1.000000000000000000e+00,7.249999999999977816e-03,0.000000000000000000e+00,0.000000000000000000e+00
4.000000000000000000e+00,1.000000000000000000e+00,7.249999999999977816e-03,0.000000000000000000e+00,0.000000000000000000e+00
5.000000000000000000e+00,1.000000000000000000e+00,6.450000000000066791e-03,0.000000000000000000e+00,0.000000000000000000e+00
6.000000000000000000e+00,1.000000000000000000e+00,7.249999999999977816e-03,0.000000000000000000e+00,0.000000000000000000e+00
7.000000000000000000e+00,1.000000000000000000e+00,7.249999999999977816e-03,0.000000000000000000e+00,2.961977185283783402e-04
8.000000000000000000e+00,1.000000000000000000e+00,8.875000000000099823e-03,0.000000000000000000e+00,8.453013132070136184e-04
9.000000000000000000e+00,1.000000000000000000e+00,9.675000000000013450e-03,0.000000000000000000e+00,1.610104431142586048e-03
1.000000000000000000e+01,1.000000000000000000e+00,1.207500000000010475e-02,0.000000000000000000e+00,2.558632130575588456e-03
1.100000000000000000e+01,1.000000000000000000e+00,1.530000000000004620e-02,0.000000000000000000e+00,3.663406661743958369e-03
1.200000000000000000e+01,1.000000000000000000e+00,1.289999999999995664e-02,0.000000000000000000e+00,4.900816286265398218e-03
1.300000000000000000e+01,1.000000000000000000e+00,1.530000000000004620e-02,2.104501369984110998e-03,6.250572674910058642e-03
1.400000000000000000e+01,1.000000000000000000e+00,1.449999999999995563e-02,4.196793019225405000e-03,7.695244452927669718e-03
1.500000000000000000e+01,1.000000000000000000e+00,1.530000000000004620e-02,6.276945785064613932e-03,9.219856206600610116e-03
1.600000000000000000e+01,1.000000000000000000e+00,1.530000000000004620e-02,8.345030093864287679e-03,1.081154376438272710e-02
1.700000000000000000e+01,1.000000000000000000e+00,1.530000000000004620e-02,1.040111596339317324e-02,1.245925785521009334e-02
1.800000000000000000e+01,1.000000000000000000e+00,1.530000000000004620e-02,1.244527300519675771e-02,1.415350935487004469e-02
1.900000000000000000e+01,1.000000000000000000e+00,1.530000000000004620e-02,1.447757042695406449e-02,1.588615028407933116e-02
2.000000000000000000e+01,1.000000000000000000e+00,1.530000000000004620e-02,1.649807703482076421e-02,1.765018554097846915e-02
2.100000000000000000e+01,1.000000000000000000e+00,1.932500000000008170e-02,1.850686123575871408e-02,1.943961105486178079e-02
2.200000000000000000e+01,1.000000000000000000e+00,2.255000000000002489e-02,2.050399103985195079e-02,2.124927465326176962e-02
2.300000000000000000e+01,1.000000000000000000e+00,2.337500000000005199e-02,2.248953406260927740e-02,2.307475645485982177e-02
2.400000000000000000e+01,1.000000000000000000e+00,2.337500000000005199e-02,2.446355752725346347e-02,2.491226604802365685e-02
2.500000000000000000e+01,1.000000000000000000e+00,2.497500000000005618e-02,2.642612826699718490e-02,2.675855409932359485e-02
2.600000000000000000e+01,1.000000000000000000e+00,2.497500000000005618e-02,2.837731272730575904e-02,2.861083636696450105e-02
2.700000000000000000e+01,1.000000000000000000e+00,2.980000000000000357e-02,3.031717696814672722e-02,3.046672837826179536e-02
2.800000000000000000e+01,1.000000000000000000e+00,3.142500000000012644e-02,3.224578666622641976e-02,3.232418927459874275e-02
2.900000000000000000e+01,1.000000000000000000e+00,3.142500000000012644e-02,3.416320711721353154e-02,3.418147353732552129e-02
3.000000000000000000e+01,1.000000000000000000e+00,3.222500000000003834e-02,3.606950323794975988e-02,3.603708948860985528e-02
3.100000000000000000e+01,1.000000000000000000e+00,3.947500000000001702e-02,3.796473956864770960e-02,3.788976361646040347e-02
3.200000000000000000e+01,1.000000000000000000e+00,3.947500000000001702e-02,3.984898027507594032e-02,3.973840990657362404e-02
3.300000000000000000e+01,1.000000000000000000e+00,3.947500000000001702e-02,4.172228915073139532e-02,4.158210347835939596e-02
3.400000000000000000e+01,1.000000000000000000e+00,3.947500000000001702e-02,4.358472961899922948e-02,4.342005792110756324e-02
3.500000000000000000e+01,1.000000000000000000e+00,4.190000000000004832e-02,4.543636473530007769e-02,4.525160581102681545e-02
3.600000000000000000e+01,1.000000000000000000e+00,4.752500000000008107e-02,4.727725718922490272e-02,4.707618196275965838e-02
3.700000000000000000e+01,1.000000000000000000e+00,4.752500000000008107e-02,4.910746930665740861e-02,4.889330903162344283e-02
3.800000000000000000e+01,1.000000000000000000e+00,4.752500000000008107e-02,5.092706305188417215e-02,5.070258513668157024e-02
3.900000000000000000e+01,1.000000000000000000e+00,4.995000000000011930e-02,5.273610002969254806e-02,5.250367322104586287e-02
4.000000000000000000e+01,1.000000000000000000e+00,5.157500000000005830e-02,5.453464148745637563e-02,5.429629190561038182e-02
4.100000000000000000e+01,1.000000000000000000e+00,5.477500000000005281e-02,5.632274831720955610e-02,5.608020762663115666e-02
4.200000000000000000e+01,1.000000000000000000e+00,5.560000000000008685e-02,5.810048105770768134e-02,5.785522787697908870e-02
4.300000000000000000e+01,1.000000000000000000e+00,6.285000000000007248e-02,5.986789989647761656e-02,5.962119539617790481e-02
4.400000000000000000e+01,1.000000000000000000e+00,6.364999999999998437e-02,6.162506467185525916e-02,6.137798317607591481e-02
4.500000000000000000e+01,1.000000000000000000e+00,6.364999999999998437e-02,6.337203487501144594e-02,6.312549016768627397e-02
4.600000000000000000e+01,1.000000000000000000e+00,6.445000000000007667e-02,6.510886965196606424e-02,6.486363759079404046e-02
4.700000000000000000e+01,1.000000000000000000e+00,6.687500000000010103e-02,6.683562780559057503e-02,6.659236576173802047e-02
4.800000000000000000e+01,1.000000000000000000e+00,7.010000000000005116e-02,6.855236779759882326e-02,6.831163136664654412e-02
4.900000000000000000e+01,1.000000000000000000e+00,7.170000000000005536e-02,7.025914775052635730e-02,7.002140511761195674e-02
5.000000000000000000e+01,1.000000000000000000e+00,7.170000000000005536e-02,7.195602544969825765e-02,7.172166973806166912e-02
5.100000000000000000e+01,1.000000000000000000e+00,7.170000000000005536e-02,7.364305834518548866e-02,7.341241823112569509e-02
5.200000000000000000e+01,1.000000000000000000e+00,7.412500000000007971e-02,7.532030355374999542e-02,7.509365239128425185e-02
5.300000000000000000e+01,1.000000000000000000e+00,7.735000000000002984e-02,7.698781786077844858e-02,7.676538152515263724e-02
5.400000000000000000e+01,1.000000000000000000e+00,7.975000000000012634e-02,7.864565772220480366e-02,7.842762135205200158e-02
5.500000000000000000e+01,1.000000000000000000e+00,8.057499999999997997e-02,8.029387926642166107e-02,8.008039305913415562e-02
5.600000000000000000e+01,1.000000000000000000e+00,8.297500000000006259e-02,8.193253829618059314e-02,8.172372248936873862e-02
5.700000000000000000e+01,1.000000000000000000e+00,8.782499999999997253e-02,8.356169029048143848e-02,8.335763944374620371e-02
5.800000000000000000e+01,1.000000000000000000e+00,8.782499999999997253e-02,8.518139040645056337e-02,8.498217708166601325e-02
5.900000000000000000e+01,1.000000000000000000e+00,8.782499999999997253e-02,8.679169348120834016e-02,8.659737140572970615e-02
6.000000000000000000e+01,1.000000000000000000e+00,9.105000000000007532e-02,8.839265403372567609e-02,8.820326081909217464e-02
6.100000000000000000e+01,1.000000000000000000e+00,9.507500000000008999e-02,8.998432626666988399e-02,8.979988574518704691e-02
6.200000000000000000e+01,1.000000000000000000e+00,9.587500000000000189e-02,9.156676406823974212e-02,9.138728830107123446e-02
6.300000000000000000e+01,1.000000000000000000e+00,9.587500000000000189e-02,9.314002101398996536e-02,9.296551201686252541e-02
6.400000000000000000e+01,1.000000000000000000e+00,9.667500000000009419e-02,9.470415036864508751e-02,9.453460159480008007e-02
6.500000000000000000e+01,1.000000000000000000e+00,9.587500000000000189e-02,9.625920508790278274e-02,9.609460270236595825e-02
6.600000000000000000e+01,1.000000000000000000e+00,1.039250000000000868e-01,9.780523782022679247e-02,9.764556179468604491e-02
6.700000000000000000e+01,1.000000000000000000e+00,1.039250000000000868e-01,9.934230090862936069e-02,9.918752596210007877e-02
6.800000000000000000e+01,1.000000000000000000e+00,1.039250000000000868e-01,1.008704463924434275e-01,1.007205427993671243e-01
6.900000000000000000e+01,1.000000000000000000e+00,1.039250000000000868e-01,1.023897260090844419e-01,1.022446602934688337e-01
7.000000000000000000e+01,1.000000000000000000e+00,1.063500000000001250e-01,1.039001911958020580e-01,1.037599267273991571e-01
7.100000000000000000e+01,1.000000000000000000e+00,1.087749999999999828e-01,1.054018930914215474e-01,1.052663905976955333e-01
7.200000000000000000e+01,1.000000000000000000e+00,1.111750000000000654e-01,1.068948825380752199e-01,1.067641005437818258e-01
7.300000000000000000e+01,1.000000000000000000e+00,1.120000000000000856e-01,1.083792100829237409e-01,1.082531052874638883e-01
7.400000000000000000e+01,1.000000000000000000e+00,1.120000000000000856e-01,1.098549259798674571e-01,1.097334535811516631e-01
7.500000000000000000e+01,1.000000000000000000e+00,1.120000000000000856e-01,1.113220801912478408e-01,1.112051941635817942e-01
7.600000000000000000e+01,1.000000000000000000e+00,1.144000000000000017e-01,1.127807223895389982e-01,1.126683757219866661e-01
7.700000000000000000e+01,1.000000000000000000e+00,1.160249999999999615e-01,1.142309019590294072e-01,1.141230468598040115e-01
7.800000000000000000e+01,1.000000000000000000e+00,1.176249999999999657e-01,1.156726679974939137e-01,1.155692560691481130e-01
7.900000000000000000e+01,1.000000000000000000e+00,1.192500000000000782e-01,1.171060693178559847e-01,1.170070517073729804e-01
8.000000000000000000e+01,1.000000000000000000e+00,1.200500000000000039e-01,1.185311544498403036e-01,1.184364819771520499e-01
8.100000000000000000e+01,1.000000000000000000e+00,1.200500000000000039e-01,1.199479716416158720e-01,1.198575949095793958e-01
8.200000000000000000e+01,1.000000000000000000e+00,1.200500000000000039e-01,1.213565688614294674e-01,1.212704383498673100e-01
8.300000000000000000e+01,1.000000000000000000e+00,1.200500000000000039e-01,1.227569937992296911e-01,1.226750599452744311e-01
8.400000000000000000e+01,1.000000000000000000e+00,1.200500000000000039e-01,1.241492938682815794e-01,1.240715071349501458e-01
8.500000000000000000e+01,1.000000000000000000e+00,1.208500000000000824e-01,1.255335162067718335e-01,1.254598271414250898e-01
8.600000000000000000e+01,1.000000000000000000e+00,1.232750000000001067e-01,1.269097076794047374e-01,1.268400669635152689e-01
8.700000000000000000e+01,1.000000000000000000e+00,1.256750000000000367e-01,1.282779148789888746e-01,1.282122733704404993e-01
8.800000000000000000e+01,1.000000000000000000e+00,1.281000000000000472e-01,1.296381841280145053e-01,1.295764928969850016e-01
8.900000000000000000e+01,1.000000000000000000e+00,1.281000000000000472e-01,1.309905614802219509e-01,1.309327718395531248e-01
9.000000000000000000e+01,1.000000000000000000e+00,1.281000000000000472e-01,1.323350927221607631e-01,1.322811562529928597e-01
9.100000000000000000e+01,1.000000000000000000e+00,1.288999999999999591e-01,1.336718233747399287e-01,1.336216919480786025e-01
9.200000000000000000e+01,1.000000000000000000e+00,1.281000000000000472e-01,1.350007986947689975e-01,1.349544244895589939e-01
9.300000000000000000e+01,1.000000000000000000e+00,1.313249999999999973e-01,1.363220636764903293e-01,1.362793991946895933e-01
9.400000000000000000e+01,1.000000000000000000e+00,1.361500000000001320e-01,1.376356630531024583e-01,1.375966611321809974e-01
9.500000000000000000e+01,1.000000000000000000e+00,1.361500000000001320e-01,1.389416412982745763e-01,1.389062551215027586e-01
9.600000000000000000e+01,1.000000000000000000e+00,1.361500000000001320e-01,1.402400426276521894e-01,1.402082257324923642e-01
9.700000000000000000e+01,1.000000000000000000e+00,1.361500000000001320e-01,1.415309110003542259e-01,1.415026172852247299e-01
9.800000000000000000e+01,1.000000000000000000e+00,1.361500000000001320e-01,1.428142901204612070e-01,1.427894738501049032e-01
9.900000000000000000e+01,1.000000000000000000e+00,1.361500000000001320e-01,1.440902234384950076e-01,1.440688392481510871e-01
1.000000000000000000e+02,1.000000000000000000e+00,1.377750000000000641e-01,1.453587541528898464e-01,1.453407570514404501e-01
1.010000000000000000e+02,1.000000000000000000e+00,1.434000000000001107e-01,1.466199252114548657e-01,1.466052705836933534e-01
1.020000000000000000e+02,1.000000000000000000e+00,1.442249999999999643e-01,1.478737793128282185e-01,1.478624229209757057e-01
1.030000000000000000e+02,1.000000000000000000e+00,1.442249999999999643e-01,1.491203589079226066e-01,1.491122568925015157e-01
1.040000000000000000e+02,1.000000000000000000e+00,1.442249999999999643e-01,1.503597062013626307e-01,1.503548150815204043e-01
1.050000000000000000e+02,1.000000000000000000e+00,1.442249999999999643e-01,1.515918631529135363e-01,1.515901398262771149e-01
1.060000000000000000e+02,1.000000000000000000e+00,1.474249999999999727e-01,1.528168714789019667e-01,1.528182732210318640e-01
1.070000000000000000e+02,1.000000000000000000e+00,1.498499999999999832e-01,1.540347726536281936e-01,1.540392571171314562e-01
1.080000000000000000e+02,1.000000000000000000e+00,1.522750000000000214e-01,1.552456079107704112e-01,1.552531331241234214e-01
1.090000000000000000e+02,1.000000000000000000e+00,1.522750000000000214e-01,1.564494182447806747e-01,1.564599426109055669e-01
1.100000000000000000e+02,1.000000000000000000e+00,1.522750000000000214e-01,1.576462444122728179e-01,1.576597267069052288e-01
1.110000000000000000e+02,1.000000000000000000e+00,1.538750000000000395e-01,1.588361269334023496e-01,1.588525263032826429e-01
1.120000000000000000e+02,1.000000000000000000e+00,1.603250000000001063e-01,1.600191060932383558e-01,1.600383820541541324e-01
1.130000000000000000e+02,1.000000000000000000e+00,1.603250000000001063e-01,1.611952219431272981e-01,1.612173343778311729e-01
1.140000000000000000e+02,1.000000000000000000e+00,1.603250000000001063e-01,1.623645143020491510e-01,1.623894234580720020e-01
1.150000000000000000e+02,1.000000000000000000e+00,1.603250000000001063e-01,1.635270227579653790e-01,1.635546892453429435e-01
1.160000000000000000e+02,1.000000000000000000e+00,1.635500000000000287e-01,1.646827866691593645e-01,1.647131714580870043e-01
1.170000000000000000e+02,1.000000000000000000e+00,1.659750000000000669e-01,1.658318451655688419e-01,1.658649095839976328e-01
1.180000000000000000e+02,1.000000000000000000e+00,1.683749999999999969e-01,1.669742371501107547e-01,1.670099428812958642e-01
1.190000000000000000e+02,1.000000000000000000e+00,1.683749999999999969e-01,1.681100012999983129e-01,1.681483103800094081e-01
1.200000000000000000e+02,1.000000000000000000e+00,1.683749999999999969e-01,1.692391760680505286e-01,1.692800508832520701e-01
1.210000000000000000e+02,1.000000000000000000e+00,1.691999999999999893e-01,1.703617996839940363e-01,1.704052029685028113e-01
1.220000000000000000e+02,1.000000000000000000e+00,1.748250000000000637e-01,1.714779101557574459e-01,1.715238049888830885e-01
1.230000000000000000e+02,1.000000000000000000e+00,1.764499999999999957e-01,1.725875452707580915e-01,1.726358950744318610e-01
1.240000000000000000e+02,1.000000000000000000e+00,1.764499999999999957e-01,1.736907425971814245e-01,1.737415111333776574e-01
1.250000000000000000e+02,1.000000000000000000e+00,1.764499999999999957e-01,1.747875394852529685e-01,1.748406908534068660e-01
1.260000000000000000e+02,1.000000000000000000e+00,1.764499999999999957e-01,1.758779730685027798e-01,1.759334717029278072e-01
1.270000000000000000e+02,1.000000000000000000e+00,1.764499999999999957e-01,1.769620802650227198e-01,1.770198909323304204e-01
1.280000000000000000e+02,1.000000000000000000e+00,1.772500000000000742e-01,1.780398977787163439e-01,1.780999855752408156e-01
1.290000000000000000e+02,1.000000000000000000e+00,1.780499999999999861e-01,1.791114621005415186e-01,1.791737924497705803e-01
1.300000000000000000e+02,1.000000000000000000e+00,1.788500000000000922e-01,1.801768095097459332e-01,1.802413481597607003e-01
1.310000000000000000e+02,1.000000000000000000e+00,1.828750000000000930e-01,1.812359760750953674e-01,1.813026890960196535e-01
1.320000000000000000e+02,1.000000000000000000e+00,1.845000000000000528e-01,1.822889976560948255e-01,1.823578514375555348e-01
1.330000000000000000e+02,1.000000000000000000e+00,1.845000000000000528e-01,1.833359099042026485e-01,1.834068711528023810e-01
1.340000000000000000e+02,1.000000000000000000e+00,1.845000000000000528e-01,1.843767482640374655e-01,1.844497840008399447e-01
1.350000000000000000e+02,1.000000000000000000e+00,1.845000000000000528e-01,1.854115479745783168e-01,1.854866255326075297e-01
1.360000000000000000e+02,1.000000000000000000e+00,1.869250000000000911e-01,1.864403440703576720e-01,1.865174310921112744e-01
1.370000000000000000e+02,1.000000000000000000e+00,1.901250000000000717e-01,1.874631713826475365e-01,1.875422358176250248e-01
1.380000000000000000e+02,1.000000000000000000e+00,1.925499999999999712e-01,1.884800645406387587e-01,1.885610746428849349e-01
1.390000000000000000e+02,1.000000000000000000e+00,1.925499999999999712e-01,1.894910579726134525e-01,1.895739822982772660e-01
1.400000000000000000e+02,1.000000000000000000e+00,1.941750000000000698e-01,1.904961859071105379e-01,1.905809933120199140e-01
1.410000000000000000e+02,1.000000000000000000e+00,1.949750000000000094e-01,1.914954823740847023e-01,1.915821420113372198e-01
1.420000000000000000e+02,1.000000000000000000e+00,1.949750000000000094e-01,1.924889812060584515e-01,1.925774625236283677e-01
1.430000000000000000e+02,1.000000000000000000e+00,1.973999999999999921e-01,1.934767160392675822e-01,1.935669887776291231e-01
1.440000000000000000e+02,1.000000000000000000e+00,1.973999999999999921e-01,1.944587203147999932e-01,1.945507545045670195e-01
1.450000000000000000e+02,1.000000000000000000e+00,1.957750000000000878e-01,1.954350272797278631e-01,1.955287932393101058e-01
1.460000000000000000e+02,1.000000000000000000e+00,1.965749999999999997e-01,1.964056699882332502e-01,1.965011383215090057e-01
1.470000000000000000e+02,1.000000000000000000e+00,1.990000000000000102e-01,1.973706813027272522e-01,1.974678228967327032e-01
1.480000000000000000e+02,1.000000000000000000e+00,1.998000000000000886e-01,1.983300938949625336e-01,1.984288799175975282e-01
1.490000000000000000e+02,1.000000000000000000e+00,2.006000000000000005e-01,1.992839402471395238e-01,1.993843421448898423e-01
1.500000000000000000e+02,1.000000000000000000e+00,2.006000000000000005e-01,2.002322526530061209e-01,2.003342421486823399e-01
1.510000000000000000e+02,1.000000000000000000e+00,2.006000000000000005e-01,2.011750632189510390e-01,2.012786123094437996e-01
1.520000000000000000e+02,1.000000000000000000e+00,2.006000000000000005e-01,2.021124038650908561e-01,2.022174848191423957e-01
1.530000000000000000e+02,1.000000000000000000e+00,2.006000000000000005e-01,2.030443063263506487e-01,2.031508916823428490e-01
1.540000000000000000e+02,1.000000000000000000e+00,2.022249999999999881e-01,2.039708021535384386e-01,2.040788647172969983e-01
1.550000000000000000e+02,1.000000000000000000e+00,2.030250000000000665e-01,2.048919227144133937e-01,2.050014355570282942e-01
1.560000000000000000e+02,1.000000000000000000e+00,2.038250000000000062e-01,2.058076991947478673e-01,2.059186356504097704e-01
1.570000000000000000e+02,1.000000000000000000e+00,2.046499999999999986e-01,2.067181625993831928e-01,2.068304962632359634e-01
1.580000000000000000e+02,1.000000000000000000e+00,2.086749999999999994e-01,2.076233437532793435e-01,2.077370484792885330e-01
1.590000000000000000e+02,1.000000000000000000e+00,2.086749999999999994e-01,2.085232733025586815e-01,2.086383232013957201e-01
1.600000000000000000e+02,1.000000000000000000e+00,2.094750000000001333e-01,2.094179817155433776e-01,2.095343511524856428e-01
1.610000000000000000e+02,1.000000000000000000e+00,2.094750000000001333e-01,2.103074992837870860e-01,2.104251628766335702e-01
1.620000000000000000e+02,1.000000000000000000e+00,2.134999999999999953e-01,2.111918561231004299e-01,2.113107887401028395e-01
1.630000000000000000e+02,1.000000000000000000e+00,2.151250000000000662e-01,2.120710821745706298e-01,2.121912589323800558e-01
1.640000000000000000e+02,1.000000000000000000e+00,2.159250000000000058e-01,2.129452072055751655e-01,2.130666034672041576e-01
1.650000000000000000e+02,1.000000000000000000e+00,2.167250000000000842e-01,2.138142608107896914e-01,2.139368521835893766e-01
1.660000000000000000e+02,1.000000000000000000e+00,2.167250000000000842e-01,2.146782724131899023e-01,2.148020347468424240e-01
1.670000000000000000e+02,1.000000000000000000e+00,2.167250000000000842e-01,2.155372712650477085e-01,2.156621806495736537e-01
1.680000000000000000e+02,1.000000000000000000e+00,2.167250000000000842e-01,2.163912864489216659e-01,2.165173192127023416e-01
1.690000000000000000e+02,1.000000000000000000e+00,2.167250000000000842e-01,2.172403468786415215e-01,2.173674795864563303e-01
1.700000000000000000e+02,1.000000000000000000e+00,2.167250000000000842e-01,2.180844813002872085e-01,2.182126907513654568e-01
1.710000000000000000e+02,1.000000000000000000e+00,2.199500000000000344e-01,2.189237182931620118e-01,2.190529815192495400e-01
1.720000000000000000e+02,1.000000000000000000e+00,2.231750000000000123e-01,2.197580862707602389e-01,2.198883805342005671e-01
1.730000000000000000e+02,1.000000000000000000e+00,2.239750000000000907e-01,2.205876134817291168e-01,2.207189162735589127e-01
1.740000000000000000e+02,1.000000000000000000e+00,2.247750000000000026e-01,2.214123280108252489e-01,2.215446170488843125e-01
1.750000000000000000e+02,1.000000000000000000e+00,2.247750000000000026e-01,2.222322577798654109e-01,2.223655110069207574e-01
1.760000000000000000e+02,1.000000000000000000e+00,2.247750000000000026e-01,2.230474305486719599e-01,2.231816261305560323e-01
1.770000000000000000e+02,1.000000000000000000e+00,2.247750000000000026e-01,2.238578739160125564e-01,2.239929902397755912e-01
1.780000000000000000e+02,1.000000000000000000e+00,2.247750000000000026e-01,2.246636153205346653e-01,2.247996309926109104e-01
1.790000000000000000e+02,1.000000000000000000e+00,2.247750000000000026e-01,2.254646820416945086e-01,2.256015758860822062e-01
1.800000000000000000e+02,1.000000000000000000e+00,2.255750000000000810e-01,2.262611012006806033e-01,2.263988522571358519e-01
1.810000000000000000e+02,1.000000000000000000e+00,2.255750000000000810e-01,2.270528997613320554e-01,2.271914872835762433e-01
1.820000000000000000e+02,1.000000000000000000e+00,2.272000000000000131e-01,2.278401045310513573e-01,2.279795079849921691e-01
1.830000000000000000e+02,1.000000000000000000e+00,2.320250000000000090e-01,2.286227421617120781e-01,2.287629412236778792e-01
1.840000000000000000e+02,1.000000000000000000e+00,2.328250000000000319e-01,2.294008391505611699e-01,2.295418137055488250e-01
1.850000000000000000e+02,1.000000000000000000e+00,2.328250000000000319e-01,2.301744218411160559e-01,2.303161519810519586e-01
1.860000000000000000e+02,1.000000000000000000e+00,2.328250000000000319e-01,2.309435164240565275e-01,2.310859824460707868e-01
1.870000000000000000e+02,1.000000000000000000e+00,2.328250000000000319e-01,2.317081489381115078e-01,2.318513313428252620e-01
1.880000000000000000e+02,1.000000000000000000e+00,2.336500000000000798e-01,2.324683452709405407e-01,2.326122247607662064e-01
1.890000000000000000e+02,1.000000000000000000e+00,2.368750000000000300e-01,2.332241311600103395e-01,2.333686886374646829e-01
1.900000000000000000e+02,1.000000000000000000e+00,2.376750000000001084e-01,2.339755321934660903e-01,2.341207487594962333e-01
1.910000000000000000e+02,1.000000000000000000e+00,2.409000000000000308e-01,2.347225738109978699e-01,2.348684307633198409e-01
1.920000000000000000e+02,1.000000000000000000e+00,2.409000000000000308e-01,2.354652813047018178e-01,2.356117601361518155e-01
1.930000000000000000e+02,1.000000000000000000e+00,2.409000000000000308e-01,2.362036798199365351e-01,2.363507622168346534e-01
1.940000000000000000e+02,1.000000000000000000e+00,2.409000000000000308e-01,2.369377943561743749e-01,2.370854621967007358e-01
1.950000000000000000e+02,1.000000000000000000e+00,2.409000000000000308e-01,2.376676497678478217e-01,2.378158851204311697e-01
1.960000000000000000e+02,1.000000000000000000e+00,2.409000000000000308e-01,2.383932707651909844e-01,2.385420558869094099e-01
1.970000000000000000e+02,1.000000000000000000e+00,2.432999999999999885e-01,2.391146819150762048e-01,2.392639992500700252e-01
1.980000000000000000e+02,1.000000000000000000e+00,2.441250000000000087e-01,2.398319076418457541e-01,2.399817398197426344e-01
1.990000000000000000e+02,1.000000000000000000e+00,2.441250000000000087e-01,2.405449722281388369e-01,2.406953020624906514e-01
2.000000000000000000e+02,1.000000000000000000e+00,2.441250000000000087e-01,2.412538998157136572e-01,2.414047103024453966e-01
2.010000000000000000e+02,1.000000000000000000e+00,2.449250000000000871e-01,2.419587144062647355e-01,2.421099887221352942e-01
2.020000000000000000e+02,1.000000000000000000e+00,2.465250000000000774e-01,2.426594398622356208e-01,2.428111613633101296e-01
2.030000000000000000e+02,1.000000000000000000e+00,2.481500000000000372e-01,2.433560999076266884e-01,2.435082521277606715e-01
2.040000000000000000e+02,1.000000000000000000e+00,2.481500000000000372e-01,2.440487181287983864e-01,2.442012847781333817e-01
2.050000000000000000e+02,1.000000000000000000e+00,2.489499999999999491e-01,2.447373179752697636e-01,2.448902829387404889e-01
2.060000000000000000e+02,1.000000000000000000e+00,2.489499999999999491e-01,2.454219227605124454e-01,2.455752700963652890e-01
2.070000000000000000e+02,1.000000000000000000e+00,2.489499999999999491e-01,2.461025556627398914e-01,2.462562696010627272e-01
2.080000000000000000e+02,1.000000000000000000e+00,2.489499999999999491e-01,2.467792397256921011e-01,2.469333046669554277e-01
2.090000000000000000e+02,1.000000000000000000e+00,2.497500000000000275e-01,2.474519978594158509e-01,2.476063983730249773e-01
2.100000000000000000e+02,1.000000000000000000e+00,2.489499999999999491e-01,2.481208528410402958e-01,2.482755736638986577e-01
2.110000000000000000e+02,1.000000000000000000e+00,2.489499999999999491e-01,2.487858273155481581e-01,2.489408533506316246e-01
2.120000000000000000e+02,1.000000000000000000e+00,2.529750000000000054e-01,2.494469437965423919e-01,2.496022601114844808e-01
2.130000000000000000e+02,1.000000000000000000e+00,2.537750000000000838e-01,2.501042246670083791e-01,2.502598164926962965e-01
2.140000000000000000e+02,1.000000000000000000e+00,2.562000000000000943e-01,2.507576921800717673e-01,2.509135449092532166e-01
2.150000000000000000e+02,1.000000000000000000e+00,2.570000000000000062e-01,2.514073684597519232e-01,2.515634676456525165e-01
2.160000000000000000e+02,1.000000000000000000e+00,2.546000000000001040e-01,2.520532755017108606e-01,2.522096068566622717e-01
2.170000000000000000e+02,1.000000000000000000e+00,2.570000000000000062e-01,2.526954351739980065e-01,2.528519845680766154e-01
2.180000000000000000e+02,1.000000000000000000e+00,2.570000000000000062e-01,2.533338692177905527e-01,2.534906226774664706e-01
2.190000000000000000e+02,1.000000000000000000e+00,2.554000000000000159e-01,2.539685992481295340e-01,2.541255429549260647e-01
2.200000000000000000e+02,1.000000000000000000e+00,2.554000000000000159e-01,2.545996467546516873e-01,2.547567670438150023e-01
2.210000000000000000e+02,1.000000000000000000e+00,2.554000000000000159e-01,2.552270331023169803e-01,2.553843164614960637e-01
2.220000000000000000e+02,1.000000000000000000e+00,2.554000000000000159e-01,2.558507795321318112e-01,2.560082126000687297e-01
2.230000000000000000e+02,1.000000000000000000e+00,2.505499999999999394e-01,2.564709071618683778e-01,2.566284767270983203e-01
2.240000000000000000e+02,1.000000000000000000e+00,2.513750000000000151e-01,2.570874369867795495e-01,2.572451299863410257e-01
2.250000000000000000e+02,1.000000000000000000e+00,2.505499999999999394e-01,2.577003898803096882e-01,2.578581933984646080e-01
2.260000000000000000e+02,1.000000000000000000e+00,2.513750000000000151e-01,2.583097865948013050e-01,2.584676878617651608e-01
2.270000000000000000e+02,1.000000000000000000e+00,2.546000000000001040e-01,2.589156477621976649e-01,2.590736341528792064e-01
2.280000000000000000e+02,1.000000000000000000e+00,2.497500000000000275e-01,2.595179938947414500e-01,2.596760529274920737e-01
2.290000000000000000e+02,1.000000000000000000e+00,2.570000000000000062e-01,2.601168453856690377e-01,2.602749647210420569e-01
2.300000000000000000e+02,1.000000000000000000e+00,2.554000000000000159e-01,2.607122225099010593e-01,2.608703899494204115e-01
2.310000000000000000e+02,1.000000000000000000e+00,2.570000000000000062e-01,2.613041454247287954e-01,2.614623489096672970e-01
2.320000000000000000e+02,1.000000000000000000e+00,2.570000000000000062e-01,2.618926341704966299e-01,2.620508617806635021e-01
2.330000000000000000e+02,1.000000000000000000e+00,2.570000000000000062e-01,2.624777086712805629e-01,2.626359486238186158e-01
2.340000000000000000e+02,1.000000000000000000e+00,2.570000000000000062e-01,2.630593887355627269e-01,2.632176293837546477e-01
2.350000000000000000e+02,1.000000000000000000e+00,2.570000000000000062e-01,2.636376940569020166e-01,2.637959238889859837e-01
2.360000000000000000e+02,1.000000000000000000e+00,2.586249999999999938e-01,2.642126442146009446e-01,2.643708518525953455e-01
2.370000000000000000e+02,1.000000000000000000e+00,2.578250000000000819e-01,2.647842586743684445e-01,2.649424328729056977e-01
2.380000000000000000e+02,1.000000000000000000e+00,2.586249999999999938e-01,2.653525567889789549e-01,2.655106864341483797e-01
