t,MV,PV,DV
0.000000000000000000e+00,5.000000000000000000e+01,3.826899999999999835e+01,3.000000000000000000e+01
1.000000000000000000e+00,5.000000000000000000e+01,3.826899999999999835e+01,3.000000000000000000e+01
2.000000000000000000e+00,5.000000000000000000e+01,3.830100000000000193e+01,3.000000000000000000e+01
3.000000000000000000e+00,5.000000000000000000e+01,3.830100000000000193e+01,3.000000000000000000e+01
4.000000000000000000e+00,5.000000000000000000e+01,3.830100000000000193e+01,3.000000000000000000e+01
5.000000000000000000e+00,5.000000000000000000e+01,3.833299999999999841e+01,3.000000000000000000e+01
6.000000000000000000e+00,5.000000000000000000e+01,3.836500000000000199e+01,7.000000000000000000e+01
7.000000000000000000e+00,5.000000000000000000e+01,3.862299999999999756e+01,7.000000000000000000e+01
8.000000000000000000e+00,5.000000000000000000e+01,3.862299999999999756e+01,7.000000000000000000e+01
9.000000000000000000e+00,5.000000000000000000e+01,3.862299999999999756e+01,7.000000000000000000e+01
1.000000000000000000e+01,5.000000000000000000e+01,3.859100000000000108e+01,7.000000000000000000e+01
1.100000000000000000e+01,5.000000000000000000e+01,3.862299999999999756e+01,7.000000000000000000e+01
1.200000000000000000e+01,5.000000000000000000e+01,3.862299999999999756e+01,7.000000000000000000e+01
1.300000000000000000e+01,5.000000000000000000e+01,3.868800000000000239e+01,7.000000000000000000e+01
1.400000000000000000e+01,5.000000000000000000e+01,3.871999999999999886e+01,7.000000000000000000e+01
1.500000000000000000e+01,5.000000000000000000e+01,3.881600000000000250e+01,7.000000000000000000e+01
1.600000000000000000e+01,5.000000000000000000e+01,3.894500000000000028e+01,7.000000000000000000e+01
1.700000000000000000e+01,5.000000000000000000e+01,3.884899999999999665e+01,7.000000000000000000e+01
1.800000000000000000e+01,5.000000000000000000e+01,3.894500000000000028e+01,7.000000000000000000e+01
1.900000000000000000e+01,5.000000000000000000e+01,3.891299999999999670e+01,7.000000000000000000e+01
2.000000000000000000e+01,5.000000000000000000e+01,3.894500000000000028e+01,7.000000000000000000e+01
2.100000000000000000e+01,5.000000000000000000e+01,3.894500000000000028e+01,7.000000000000000000e+01
2.200000000000000000e+01,5.000000000000000000e+01,3.894500000000000028e+01,7.000000000000000000e+01
2.300000000000000000e+01,5.000000000000000000e+01,3.894500000000000028e+01,7.000000000000000000e+01
2.400000000000000000e+01,5.000000000000000000e+01,3.894500000000000028e+01,7.000000000000000000e+01
2.500000000000000000e+01,5.000000000000000000e+01,3.894500000000000028e+01,7.000000000000000000e+01
2.600000000000000000e+01,5.000000000000000000e+01,3.910600000000000165e+01,7.000000000000000000e+01
2.700000000000000000e+01,5.000000000000000000e+01,3.923499999999999943e+01,7.000000000000000000e+01
2.800000000000000000e+01,5.000000000000000000e+01,3.926800000000000068e+01,7.000000000000000000e+01
2.900000000000000000e+01,5.000000000000000000e+01,3.926800000000000068e+01,7.000000000000000000e+01
3.000000000000000000e+01,5.000000000000000000e+01,3.933200000000000074e+01,7.000000000000000000e+01
3.100000000000000000e+01,5.000000000000000000e+01,3.933200000000000074e+01,7.000000000000000000e+01
3.200000000000000000e+01,5.000000000000000000e+01,3.952499999999999858e+01,7.000000000000000000e+01
3.300000000000000000e+01,5.000000000000000000e+01,3.959000000000000341e+01,7.000000000000000000e+01
3.400000000000000000e+01,5.000000000000000000e+01,3.959000000000000341e+01,7.000000000000000000e+01
3.500000000000000000e+01,5.000000000000000000e+01,3.962199999999999989e+01,7.000000000000000000e+01
3.600000000000000000e+01,5.000000000000000000e+01,3.991199999999999903e+01,7.000000000000000000e+01
3.700000000000000000e+01,5.000000000000000000e+01,3.991199999999999903e+01,7.000000000000000000e+01
3.800000000000000000e+01,5.000000000000000000e+01,3.991199999999999903e+01,7.000000000000000000e+01
3.900000000000000000e+01,5.000000000000000000e+01,3.991199999999999903e+01,7.000000000000000000e+01
4.000000000000000000e+01,5.000000000000000000e+01,4.000900000000000034e+01,7.000000000000000000e+01
4.100000000000000000e+01,5.000000000000000000e+01,4.023400000000000176e+01,7.000000000000000000e+01
4.200000000000000000e+01,5.000000000000000000e+01,4.023400000000000176e+01,7.000000000000000000e+01
4.300000000000000000e+01,5.000000000000000000e+01,4.023400000000000176e+01,7.000000000000000000e+01
4.400000000000000000e+01,5.000000000000000000e+01,4.033100000000000307e+01,7.000000000000000000e+01
4.500000000000000000e+01,5.000000000000000000e+01,4.039600000000000080e+01,7.000000000000000000e+01
4.600000000000000000e+01,5.000000000000000000e+01,4.052400000000000091e+01,7.000000000000000000e+01
4.700000000000000000e+01,5.000000000000000000e+01,4.055700000000000216e+01,7.000000000000000000e+01
4.800000000000000000e+01,5.000000000000000000e+01,4.084700000000000131e+01,7.000000000000000000e+01
4.900000000000000000e+01,5.000000000000000000e+01,4.087899999999999778e+01,7.000000000000000000e+01
5.000000000000000000e+01,5.000000000000000000e+01,4.087899999999999778e+01,7.000000000000000000e+01
5.100000000000000000e+01,5.000000000000000000e+01,4.091100000000000136e+01,7.000000000000000000e+01
5.200000000000000000e+01,5.000000000000000000e+01,4.100800000000000267e+01,7.000000000000000000e+01
5.300000000000000000e+01,5.000000000000000000e+01,4.113700000000000045e+01,7.000000000000000000e+01
5.400000000000000000e+01,5.000000000000000000e+01,4.120100000000000051e+01,7.000000000000000000e+01
5.500000000000000000e+01,5.000000000000000000e+01,4.120100000000000051e+01,7.000000000000000000e+01
5.600000000000000000e+01,5.000000000000000000e+01,4.120100000000000051e+01,7.000000000000000000e+01
5.700000000000000000e+01,5.000000000000000000e+01,4.129800000000000182e+01,7.000000000000000000e+01
5.800000000000000000e+01,5.000000000000000000e+01,4.142699999999999960e+01,7.000000000000000000e+01
5.900000000000000000e+01,5.000000000000000000e+01,4.152300000000000324e+01,7.000000000000000000e+01
6.000000000000000000e+01,5.000000000000000000e+01,4.155599999999999739e+01,7.000000000000000000e+01
6.100000000000000000e+01,5.000000000000000000e+01,4.165200000000000102e+01,7.000000000000000000e+01
6.200000000000000000e+01,5.000000000000000000e+01,4.184599999999999653e+01,7.000000000000000000e+01
6.300000000000000000e+01,5.000000000000000000e+01,4.184599999999999653e+01,7.000000000000000000e+01
6.400000000000000000e+01,5.000000000000000000e+01,4.184599999999999653e+01,7.000000000000000000e+01
6.500000000000000000e+01,5.000000000000000000e+01,4.197500000000000142e+01,7.000000000000000000e+01
6.600000000000000000e+01,5.000000000000000000e+01,4.213600000000000279e+01,7.000000000000000000e+01
6.700000000000000000e+01,5.000000000000000000e+01,4.216799999999999926e+01,7.000000000000000000e+01
6.800000000000000000e+01,5.000000000000000000e+01,4.216799999999999926e+01,7.000000000000000000e+01
6.900000000000000000e+01,5.000000000000000000e+01,4.220000000000000284e+01,7.000000000000000000e+01
7.000000000000000000e+01,5.000000000000000000e+01,4.216799999999999926e+01,7.000000000000000000e+01
7.100000000000000000e+01,5.000000000000000000e+01,4.249000000000000199e+01,7.000000000000000000e+01
7.200000000000000000e+01,5.000000000000000000e+01,4.249000000000000199e+01,7.000000000000000000e+01
7.300000000000000000e+01,5.000000000000000000e+01,4.249000000000000199e+01,7.000000000000000000e+01
7.400000000000000000e+01,5.000000000000000000e+01,4.249000000000000199e+01,7.000000000000000000e+01
7.500000000000000000e+01,5.000000000000000000e+01,4.258700000000000330e+01,7.000000000000000000e+01
7.600000000000000000e+01,5.000000000000000000e+01,4.268399999999999750e+01,7.000000000000000000e+01
7.700000000000000000e+01,5.000000000000000000e+01,4.278000000000000114e+01,7.000000000000000000e+01
7.800000000000000000e+01,5.000000000000000000e+01,4.281300000000000239e+01,7.000000000000000000e+01
7.900000000000000000e+01,5.000000000000000000e+01,4.281300000000000239e+01,7.000000000000000000e+01
8.000000000000000000e+01,5.000000000000000000e+01,4.281300000000000239e+01,7.000000000000000000e+01
8.100000000000000000e+01,5.000000000000000000e+01,4.290899999999999892e+01,7.000000000000000000e+01
8.200000000000000000e+01,5.000000000000000000e+01,4.297399999999999665e+01,7.000000000000000000e+01
8.300000000000000000e+01,5.000000000000000000e+01,4.303799999999999670e+01,7.000000000000000000e+01
8.400000000000000000e+01,5.000000000000000000e+01,4.310300000000000153e+01,7.000000000000000000e+01
8.500000000000000000e+01,5.000000000000000000e+01,4.313499999999999801e+01,7.000000000000000000e+01
8.600000000000000000e+01,5.000000000000000000e+01,4.313499999999999801e+01,7.000000000000000000e+01
8.700000000000000000e+01,5.000000000000000000e+01,4.313499999999999801e+01,7.000000000000000000e+01
8.800000000000000000e+01,5.000000000000000000e+01,4.313499999999999801e+01,7.000000000000000000e+01
8.900000000000000000e+01,5.000000000000000000e+01,4.313499999999999801e+01,7.000000000000000000e+01
9.000000000000000000e+01,5.000000000000000000e+01,4.316700000000000159e+01,7.000000000000000000e+01
9.100000000000000000e+01,5.000000000000000000e+01,4.326400000000000290e+01,7.000000000000000000e+01
9.200000000000000000e+01,5.000000000000000000e+01,4.335999999999999943e+01,7.000000000000000000e+01
9.300000000000000000e+01,5.000000000000000000e+01,4.345700000000000074e+01,7.000000000000000000e+01
9.400000000000000000e+01,5.000000000000000000e+01,4.345700000000000074e+01,7.000000000000000000e+01
9.500000000000000000e+01,5.000000000000000000e+01,4.345700000000000074e+01,7.000000000000000000e+01
9.600000000000000000e+01,5.000000000000000000e+01,4.348899999999999721e+01,7.000000000000000000e+01
9.700000000000000000e+01,5.000000000000000000e+01,4.345700000000000074e+01,7.000000000000000000e+01
9.800000000000000000e+01,5.000000000000000000e+01,4.358599999999999852e+01,7.000000000000000000e+01
9.900000000000000000e+01,5.000000000000000000e+01,4.377900000000000347e+01,7.000000000000000000e+01
1.000000000000000000e+02,5.000000000000000000e+01,4.377900000000000347e+01,7.000000000000000000e+01
1.010000000000000000e+02,5.000000000000000000e+01,4.377900000000000347e+01,7.000000000000000000e+01
1.020000000000000000e+02,5.000000000000000000e+01,4.377900000000000347e+01,7.000000000000000000e+01
1.030000000000000000e+02,5.000000000000000000e+01,4.377900000000000347e+01,7.000000000000000000e+01
1.040000000000000000e+02,5.000000000000000000e+01,4.377900000000000347e+01,7.000000000000000000e+01
1.050000000000000000e+02,5.000000000000000000e+01,4.384400000000000119e+01,7.000000000000000000e+01
1.060000000000000000e+02,5.000000000000000000e+01,4.406900000000000261e+01,7.000000000000000000e+01
1.070000000000000000e+02,5.000000000000000000e+01,4.410199999999999676e+01,7.000000000000000000e+01
1.080000000000000000e+02,5.000000000000000000e+01,4.410199999999999676e+01,7.000000000000000000e+01
1.090000000000000000e+02,5.000000000000000000e+01,4.410199999999999676e+01,7.000000000000000000e+01
1.100000000000000000e+02,5.000000000000000000e+01,4.410199999999999676e+01,7.000000000000000000e+01
1.110000000000000000e+02,5.000000000000000000e+01,4.422999999999999687e+01,7.000000000000000000e+01
1.120000000000000000e+02,5.000000000000000000e+01,4.432699999999999818e+01,7.000000000000000000e+01
1.130000000000000000e+02,5.000000000000000000e+01,4.442399999999999949e+01,7.000000000000000000e+01
1.140000000000000000e+02,5.000000000000000000e+01,4.442399999999999949e+01,7.000000000000000000e+01
1.150000000000000000e+02,5.000000000000000000e+01,4.442399999999999949e+01,7.000000000000000000e+01
1.160000000000000000e+02,5.000000000000000000e+01,4.448799999999999955e+01,7.000000000000000000e+01
1.170000000000000000e+02,5.000000000000000000e+01,4.474600000000000222e+01,7.000000000000000000e+01
1.180000000000000000e+02,5.000000000000000000e+01,4.474600000000000222e+01,7.000000000000000000e+01
1.190000000000000000e+02,5.000000000000000000e+01,4.474600000000000222e+01,7.000000000000000000e+01
1.200000000000000000e+02,5.000000000000000000e+01,4.474600000000000222e+01,7.000000000000000000e+01
1.210000000000000000e+02,5.000000000000000000e+01,4.487500000000000000e+01,7.000000000000000000e+01
1.220000000000000000e+02,5.000000000000000000e+01,4.497200000000000131e+01,7.000000000000000000e+01
1.230000000000000000e+02,5.000000000000000000e+01,4.506799999999999784e+01,7.000000000000000000e+01
1.240000000000000000e+02,5.000000000000000000e+01,4.506799999999999784e+01,7.000000000000000000e+01
1.250000000000000000e+02,5.000000000000000000e+01,4.506799999999999784e+01,7.000000000000000000e+01
1.260000000000000000e+02,5.000000000000000000e+01,4.510099999999999909e+01,7.000000000000000000e+01
1.270000000000000000e+02,5.000000000000000000e+01,4.532600000000000051e+01,7.000000000000000000e+01
1.280000000000000000e+02,5.000000000000000000e+01,4.539099999999999824e+01,7.000000000000000000e+01
1.290000000000000000e+02,5.000000000000000000e+01,4.539099999999999824e+01,7.000000000000000000e+01
1.300000000000000000e+02,5.000000000000000000e+01,4.539099999999999824e+01,7.000000000000000000e+01
1.310000000000000000e+02,5.000000000000000000e+01,4.539099999999999824e+01,7.000000000000000000e+01
1.320000000000000000e+02,5.000000000000000000e+01,4.539099999999999824e+01,7.000000000000000000e+01
1.330000000000000000e+02,5.000000000000000000e+01,4.542300000000000182e+01,7.000000000000000000e+01
1.340000000000000000e+02,5.000000000000000000e+01,4.545499999999999829e+01,7.000000000000000000e+01
1.350000000000000000e+02,5.000000000000000000e+01,4.548700000000000188e+01,7.000000000000000000e+01
1.360000000000000000e+02,5.000000000000000000e+01,4.564800000000000324e+01,7.000000000000000000e+01
1.370000000000000000e+02,5.000000000000000000e+01,4.571300000000000097e+01,7.000000000000000000e+01
1.380000000000000000e+02,5.000000000000000000e+01,4.571300000000000097e+01,7.000000000000000000e+01
1.390000000000000000e+02,5.000000000000000000e+01,4.571300000000000097e+01,7.000000000000000000e+01
1.400000000000000000e+02,5.000000000000000000e+01,4.571300000000000097e+01,7.000000000000000000e+01
1.410000000000000000e+02,5.000000000000000000e+01,4.581000000000000227e+01,7.000000000000000000e+01
1.420000000000000000e+02,5.000000000000000000e+01,4.593800000000000239e+01,7.000000000000000000e+01
1.430000000000000000e+02,5.000000000000000000e+01,4.603499999999999659e+01,7.000000000000000000e+01
1.440000000000000000e+02,5.000000000000000000e+01,4.603499999999999659e+01,7.000000000000000000e+01
1.450000000000000000e+02,5.000000000000000000e+01,4.610000000000000142e+01,7.000000000000000000e+01
1.460000000000000000e+02,5.000000000000000000e+01,4.613199999999999790e+01,7.000000000000000000e+01
1.470000000000000000e+02,5.000000000000000000e+01,4.613199999999999790e+01,7.000000000000000000e+01
1.480000000000000000e+02,5.000000000000000000e+01,4.622899999999999920e+01,7.000000000000000000e+01
1.490000000000000000e+02,5.000000000000000000e+01,4.622899999999999920e+01,7.000000000000000000e+01
1.500000000000000000e+02,5.000000000000000000e+01,4.616400000000000148e+01,7.000000000000000000e+01
1.510000000000000000e+02,5.000000000000000000e+01,4.619599999999999795e+01,7.000000000000000000e+01
1.520000000000000000e+02,5.000000000000000000e+01,4.629299999999999926e+01,7.000000000000000000e+01
1.530000000000000000e+02,5.000000000000000000e+01,4.632500000000000284e+01,7.000000000000000000e+01
1.540000000000000000e+02,5.000000000000000000e+01,4.635699999999999932e+01,7.000000000000000000e+01
1.550000000000000000e+02,5.000000000000000000e+01,4.635699999999999932e+01,7.000000000000000000e+01
1.560000000000000000e+02,5.000000000000000000e+01,4.635699999999999932e+01,7.000000000000000000e+01
1.570000000000000000e+02,5.000000000000000000e+01,4.635699999999999932e+01,7.000000000000000000e+01
1.580000000000000000e+02,5.000000000000000000e+01,4.635699999999999932e+01,7.000000000000000000e+01
1.590000000000000000e+02,5.000000000000000000e+01,4.642199999999999704e+01,7.000000000000000000e+01
1.600000000000000000e+02,5.000000000000000000e+01,4.645400000000000063e+01,7.000000000000000000e+01
1.610000000000000000e+02,5.000000000000000000e+01,4.648599999999999710e+01,7.000000000000000000e+01
1.620000000000000000e+02,5.000000000000000000e+01,4.651899999999999835e+01,7.000000000000000000e+01
1.630000000000000000e+02,5.000000000000000000e+01,4.667999999999999972e+01,7.000000000000000000e+01
1.640000000000000000e+02,5.000000000000000000e+01,4.667999999999999972e+01,7.000000000000000000e+01
1.650000000000000000e+02,5.000000000000000000e+01,4.671200000000000330e+01,7.000000000000000000e+01
1.660000000000000000e+02,5.000000000000000000e+01,4.671200000000000330e+01,7.000000000000000000e+01
1.670000000000000000e+02,5.000000000000000000e+01,4.687299999999999756e+01,7.000000000000000000e+01
1.680000000000000000e+02,5.000000000000000000e+01,4.693800000000000239e+01,7.000000000000000000e+01
1.690000000000000000e+02,5.000000000000000000e+01,4.696999999999999886e+01,7.000000000000000000e+01
1.700000000000000000e+02,5.000000000000000000e+01,4.700200000000000244e+01,7.000000000000000000e+01
1.710000000000000000e+02,5.000000000000000000e+01,4.700200000000000244e+01,7.000000000000000000e+01
1.720000000000000000e+02,5.000000000000000000e+01,4.700200000000000244e+01,7.000000000000000000e+01
1.730000000000000000e+02,5.000000000000000000e+01,4.700200000000000244e+01,7.000000000000000000e+01
1.740000000000000000e+02,5.000000000000000000e+01,4.700200000000000244e+01,7.000000000000000000e+01
1.750000000000000000e+02,5.000000000000000000e+01,4.700200000000000244e+01,7.000000000000000000e+01
1.760000000000000000e+02,5.000000000000000000e+01,4.713100000000000023e+01,7.000000000000000000e+01
1.770000000000000000e+02,5.000000000000000000e+01,4.725999999999999801e+01,7.000000000000000000e+01
1.780000000000000000e+02,5.000000000000000000e+01,4.729200000000000159e+01,7.000000000000000000e+01
1.790000000000000000e+02,5.000000000000000000e+01,4.732399999999999807e+01,7.000000000000000000e+01
1.800000000000000000e+02,5.000000000000000000e+01,4.732399999999999807e+01,7.000000000000000000e+01
1.810000000000000000e+02,5.000000000000000000e+01,4.732399999999999807e+01,7.000000000000000000e+01
1.820000000000000000e+02,5.000000000000000000e+01,4.732399999999999807e+01,7.000000000000000000e+01
1.830000000000000000e+02,5.000000000000000000e+01,4.732399999999999807e+01,7.000000000000000000e+01
1.840000000000000000e+02,5.000000000000000000e+01,4.732399999999999807e+01,7.000000000000000000e+01
1.850000000000000000e+02,5.000000000000000000e+01,4.735600000000000165e+01,7.000000000000000000e+01
1.860000000000000000e+02,5.000000000000000000e+01,4.735600000000000165e+01,7.000000000000000000e+01
1.870000000000000000e+02,5.000000000000000000e+01,4.742099999999999937e+01,7.000000000000000000e+01
1.880000000000000000e+02,5.000000000000000000e+01,4.761399999999999721e+01,7.000000000000000000e+01
1.890000000000000000e+02,5.000000000000000000e+01,4.764600000000000080e+01,7.000000000000000000e+01
1.900000000000000000e+02,5.000000000000000000e+01,4.764600000000000080e+01,7.000000000000000000e+01
1.910000000000000000e+02,5.000000000000000000e+01,4.764600000000000080e+01,7.000000000000000000e+01
1.920000000000000000e+02,5.000000000000000000e+01,4.764600000000000080e+01,7.000000000000000000e+01
1.930000000000000000e+02,5.000000000000000000e+01,4.767900000000000205e+01,7.000000000000000000e+01
1.940000000000000000e+02,5.000000000000000000e+01,4.780799999999999983e+01,7.000000000000000000e+01
1.950000000000000000e+02,5.000000000000000000e+01,4.784000000000000341e+01,7.000000000000000000e+01
1.960000000000000000e+02,5.000000000000000000e+01,4.796900000000000119e+01,7.000000000000000000e+01
1.970000000000000000e+02,5.000000000000000000e+01,4.796900000000000119e+01,7.000000000000000000e+01
1.980000000000000000e+02,5.000000000000000000e+01,4.796900000000000119e+01,7.000000000000000000e+01
1.990000000000000000e+02,5.000000000000000000e+01,4.796900000000000119e+01,7.000000000000000000e+01
2.000000000000000000e+02,5.000000000000000000e+01,4.796900000000000119e+01,7.000000000000000000e+01
2.010000000000000000e+02,5.000000000000000000e+01,4.796900000000000119e+01,7.000000000000000000e+01
2.020000000000000000e+02,5.000000000000000000e+01,4.806499999999999773e+01,7.000000000000000000e+01
2.030000000000000000e+02,5.000000000000000000e+01,4.809799999999999898e+01,7.000000000000000000e+01
2.040000000000000000e+02,5.000000000000000000e+01,4.809799999999999898e+01,7.000000000000000000e+01
2.050000000000000000e+02,5.000000000000000000e+01,4.809799999999999898e+01,7.000000000000000000e+01
2.060000000000000000e+02,5.000000000000000000e+01,4.813000000000000256e+01,7.000000000000000000e+01
2.070000000000000000e+02,5.000000000000000000e+01,4.819400000000000261e+01,7.000000000000000000e+01
2.080000000000000000e+02,5.000000000000000000e+01,4.825900000000000034e+01,7.000000000000000000e+01
2.090000000000000000e+02,5.000000000000000000e+01,4.825900000000000034e+01,7.000000000000000000e+01
2.100000000000000000e+02,5.000000000000000000e+01,4.829099999999999682e+01,7.000000000000000000e+01
2.110000000000000000e+02,5.000000000000000000e+01,4.829099999999999682e+01,7.000000000000000000e+01
2.120000000000000000e+02,5.000000000000000000e+01,4.829099999999999682e+01,7.000000000000000000e+01
2.130000000000000000e+02,5.000000000000000000e+01,4.829099999999999682e+01,7.000000000000000000e+01
2.140000000000000000e+02,5.000000000000000000e+01,4.832300000000000040e+01,7.000000000000000000e+01
2.150000000000000000e+02,5.000000000000000000e+01,4.829099999999999682e+01,7.000000000000000000e+01
2.160000000000000000e+02,5.000000000000000000e+01,4.829099999999999682e+01,7.000000000000000000e+01
2.170000000000000000e+02,5.000000000000000000e+01,4.845199999999999818e+01,7.000000000000000000e+01
2.180000000000000000e+02,5.000000000000000000e+01,4.848400000000000176e+01,7.000000000000000000e+01
2.190000000000000000e+02,5.000000000000000000e+01,4.858100000000000307e+01,7.000000000000000000e+01
2.200000000000000000e+02,5.000000000000000000e+01,4.861299999999999955e+01,7.000000000000000000e+01
2.210000000000000000e+02,5.000000000000000000e+01,4.851700000000000301e+01,7.000000000000000000e+01
2.220000000000000000e+02,5.000000000000000000e+01,4.861299999999999955e+01,7.000000000000000000e+01
2.230000000000000000e+02,5.000000000000000000e+01,4.861299999999999955e+01,7.000000000000000000e+01
2.240000000000000000e+02,5.000000000000000000e+01,4.854899999999999949e+01,7.000000000000000000e+01
2.250000000000000000e+02,5.000000000000000000e+01,4.854899999999999949e+01,7.000000000000000000e+01
2.260000000000000000e+02,5.000000000000000000e+01,4.854899999999999949e+01,7.000000000000000000e+01
2.270000000000000000e+02,5.000000000000000000e+01,4.854899999999999949e+01,7.000000000000000000e+01
2.280000000000000000e+02,5.000000000000000000e+01,4.835499999999999687e+01,7.000000000000000000e+01
2.290000000000000000e+02,5.000000000000000000e+01,4.838799999999999812e+01,7.000000000000000000e+01
2.300000000000000000e+02,5.000000000000000000e+01,4.835499999999999687e+01,7.000000000000000000e+01
2.310000000000000000e+02,5.000000000000000000e+01,4.838799999999999812e+01,7.000000000000000000e+01
2.320000000000000000e+02,5.000000000000000000e+01,4.851700000000000301e+01,7.000000000000000000e+01
2.330000000000000000e+02,5.000000000000000000e+01,4.832300000000000040e+01,7.000000000000000000e+01
2.340000000000000000e+02,5.000000000000000000e+01,4.861299999999999955e+01,7.000000000000000000e+01
2.350000000000000000e+02,5.000000000000000000e+01,4.854899999999999949e+01,7.000000000000000000e+01
2.360000000000000000e+02,5.000000000000000000e+01,4.861299999999999955e+01,7.000000000000000000e+01
2.370000000000000000e+02,5.000000000000000000e+01,4.861299999999999955e+01,7.000000000000000000e+01
2.380000000000000000e+02,5.000000000000000000e+01,4.861299999999999955e+01,7.000000000000000000e+01
2.390000000000000000e+02,5.000000000000000000e+01,4.861299999999999955e+01,7.000000000000000000e+01
2.400000000000000000e+02,5.000000000000000000e+01,4.861299999999999955e+01,7.000000000000000000e+01
2.410000000000000000e+02,5.000000000000000000e+01,4.867799999999999727e+01,7.000000000000000000e+01
2.420000000000000000e+02,5.000000000000000000e+01,4.864600000000000080e+01,7.000000000000000000e+01
2.430000000000000000e+02,5.000000000000000000e+01,4.867799999999999727e+01,7.000000000000000000e+01
