t,MV,PV_Exp,PV_FOPDTOPT,PV_SOPDTOPT,PV_FOPDTStrejc,PV_FOPDTBR,PV_FOPDTBR2
0.000000000000000000e+00,0.000000000000000000e+00,0.000000000000000000e+00,0.000000000000000000e+00,0.000000000000000000e+00,0.000000000000000000e+00,0.000000000000000000e+00,0.000000000000000000e+00
1.000000000000000000e+00,1.000000000000000000e+00,0.000000000000000000e+00,0.000000000000000000e+00,0.000000000000000000e+00,0.000000000000000000e+00,0.000000000000000000e+00,0.000000000000000000e+00
2.000000000000000000e+00,1.000000000000000000e+00,0.000000000000000000e+00,0.000000000000000000e+00,0.000000000000000000e+00,0.000000000000000000e+00,0.000000000000000000e+00,0.000000000000000000e+00
3.000000000000000000e+00,1.000000000000000000e+00,1.600000000000001161e-03,0.000000000000000000e+00,0.000000000000000000e+00,0.000000000000000000e+00,0.000000000000000000e+00,0.000000000000000000e+00
4.000000000000000000e+00,1.000000000000000000e+00,8.000000000000895934e-04,0.000000000000000000e+00,0.000000000000000000e+00,7.025125382199281783e-05,0.000000000000000000e+00,0.000000000000000000e+00
5.000000000000000000e+00,1.000000000000000000e+00,8.000000000000895934e-04,0.000000000000000000e+00,0.000000000000000000e+00,2.085282384005717783e-04,0.000000000000000000e+00,0.000000000000000000e+00
6.000000000000000000e+00,1.000000000000000000e+00,5.625000000000035354e-03,0.000000000000000000e+00,1.324415795872801755e-04,4.126583082274397113e-04,0.000000000000000000e+00,0.000000000000000000e+00
7.000000000000000000e+00,1.000000000000000000e+00,4.825000000000123461e-03,0.000000000000000000e+00,3.882043598932231453e-04,6.805205785957964878e-04,0.000000000000000000e+00,0.000000000000000000e+00
8.000000000000000000e+00,1.000000000000000000e+00,0.000000000000000000e+00,0.000000000000000000e+00,7.587412788853129062e-04,1.010044830956123661e-03,0.000000000000000000e+00,0.000000000000000000e+00
9.000000000000000000e+00,1.000000000000000000e+00,0.000000000000000000e+00,0.000000000000000000e+00,1.236042880642604543e-03,1.399210439963078896e-03,0.000000000000000000e+00,0.000000000000000000e+00
1.000000000000000000e+01,1.000000000000000000e+00,0.000000000000000000e+00,0.000000000000000000e+00,1.812603826818024507e-03,1.846045321800981629e-03,0.000000000000000000e+00,0.000000000000000000e+00
1.100000000000000000e+01,1.000000000000000000e+00,2.400000000000090863e-03,0.000000000000000000e+00,2.481391492020846266e-03,2.348624903382996124e-03,0.000000000000000000e+00,0.000000000000000000e+00
1.200000000000000000e+01,1.000000000000000000e+00,8.000000000000895934e-04,0.000000000000000000e+00,3.235816513455686688e-03,2.905071112026604528e-03,0.000000000000000000e+00,0.000000000000000000e+00
1.300000000000000000e+01,1.000000000000000000e+00,0.000000000000000000e+00,0.000000000000000000e+00,4.069705173222071953e-03,3.513551385215322054e-03,0.000000000000000000e+00,0.000000000000000000e+00
1.400000000000000000e+01,1.000000000000000000e+00,4.825000000000123461e-03,0.000000000000000000e+00,4.977273499244367141e-03,4.172277700063811018e-03,0.000000000000000000e+00,0.000000000000000000e+00
1.500000000000000000e+01,1.000000000000000000e+00,4.825000000000123461e-03,0.000000000000000000e+00,5.953102977896847746e-03,4.879505622110660856e-03,0.000000000000000000e+00,0.000000000000000000e+00
1.600000000000000000e+01,1.000000000000000000e+00,6.425000000000125056e-03,0.000000000000000000e+00,6.992117778042246899e-03,5.633533373070038000e-03,0.000000000000000000e+00,0.000000000000000000e+00
1.700000000000000000e+01,1.000000000000000000e+00,7.250000000000156493e-03,0.000000000000000000e+00,8.089563392441660034e-03,6.432700917180255752e-03,0.000000000000000000e+00,0.000000000000000000e+00
1.800000000000000000e+01,1.000000000000000000e+00,8.050000000000067518e-03,0.000000000000000000e+00,9.240986608345023307e-03,7.275389065794029241e-03,0.000000000000000000e+00,0.000000000000000000e+00
1.900000000000000000e+01,1.000000000000000000e+00,8.050000000000067518e-03,0.000000000000000000e+00,1.044221672455864988e-02,8.160018599861753805e-03,0.000000000000000000e+00,0.000000000000000000e+00
2.000000000000000000e+01,1.000000000000000000e+00,8.050000000000067518e-03,0.000000000000000000e+00,1.168934793743213463e-02,9.085049409965618300e-03,1.647058823529411837e-03,0.000000000000000000e+00
2.100000000000000000e+01,1.000000000000000000e+00,8.050000000000067518e-03,0.000000000000000000e+00,1.297872282303261238e-02,1.004897965356873341e-02,3.284429065743944744e-03,0.000000000000000000e+00
2.200000000000000000e+01,1.000000000000000000e+00,9.650000000000068245e-03,2.129575654547511115e-03,1.430691684729977313e-02,1.105034492914965319e-02,4.912167718298392390e-03,0.000000000000000000e+00
2.300000000000000000e+01,1.000000000000000000e+00,1.127500000000001244e-02,4.244948799796801828e-03,1.567072384021886769e-02,1.208771746689883859e-02,6.530331437602519655e-03,0.000000000000000000e+00
2.400000000000000000e+01,1.000000000000000000e+00,1.047500000000010055e-02,6.346214154745028618e-03,1.706714237402872161e-02,1.315970533565957203e-02,8.138976546793092598e-03,0.000000000000000000e+00
2.500000000000000000e+01,1.000000000000000000e+00,1.610000000000013504e-02,8.433465806691931368e-03,1.849336298921396005e-02,1.426495166580177623e-02,9.738159037694309184e-03,0.000000000000000000e+00
2.600000000000000000e+01,1.000000000000000000e+00,1.610000000000013504e-02,1.050679721545273379e-02,1.994675621553056513e-02,1.540213388772296646e-02,1.132793457276669476e-02,0.000000000000000000e+00
2.700000000000000000e+01,1.000000000000000000e+00,1.610000000000013504e-02,1.256630121754294740e-02,2.142486133859608510e-02,1.656996298567624260e-02,1.290835848704453663e-02,0.000000000000000000e+00
2.800000000000000000e+01,1.000000000000000000e+00,1.772500000000008097e-02,1.461207003033526165e-02,2.292537586565377913e-02,1.776718276663084850e-02,1.447948579006192067e-02,0.000000000000000000e+00
2.900000000000000000e+01,1.000000000000000000e+00,2.012499999999999706e-02,1.664419525618872006e-02,2.444614564700643700e-02,1.899256914387625547e-02,1.604137116776744101e-02,0.000000000000000000e+00
3.000000000000000000e+01,1.000000000000000000e+00,2.415000000000002561e-02,1.866276788655034727e-02,2.598515561232241783e-02,2.024492943508618414e-02,1.759406898442763059e-02,0.000000000000000000e+00
3.100000000000000000e+01,1.000000000000000000e+00,2.415000000000002561e-02,2.066787830602943507e-02,2.754052108355498768e-02,2.152310167456418510e-02,1.913763328451923221e-02,0.000000000000000000e+00
3.200000000000000000e+01,1.000000000000000000e+00,2.415000000000002561e-02,2.265961629644464015e-02,2.911047962859639182e-02,2.282595393939765294e-02,2.067211779461029450e-02,0.000000000000000000e+00
3.300000000000000000e+01,1.000000000000000000e+00,2.415000000000002561e-02,2.463807104084410338e-02,3.069338342202062447e-02,2.415238368925220341e-02,2.219757592523023335e-02,0.000000000000000000e+00
3.400000000000000000e+01,1.000000000000000000e+00,2.415000000000002561e-02,2.660333112749875203e-02,3.228769208136220842e-02,2.550131711954337424e-02,2.371406077272887949e-02,0.000000000000000000e+00
3.500000000000000000e+01,1.000000000000000000e+00,3.060000000000008893e-02,2.855548455386897749e-02,3.389196594934160145e-02,2.687170852772748433e-02,2.522162512112459051e-02,2.654028436018957601e-03
3.600000000000000000e+01,1.000000000000000000e+00,3.222500000000003834e-02,3.049461873054484795e-02,3.550485979428884969e-02,2.826253969245837161e-02,2.672032144394150335e-02,5.282900204397924897e-03
3.700000000000000000e+01,1.000000000000000000e+00,3.222500000000003834e-02,3.242082048516004705e-02,3.712511690274371279e-02,2.967281926536134359e-02,2.821020190603596572e-02,7.886853756962873552e-03
3.800000000000000000e+01,1.000000000000000000e+00,3.222500000000003834e-02,3.433417606627971880e-02,3.875156353982948249e-02,3.110158217518052548e-02,2.969131836541222605e-02,1.046612528533289246e-02
3.900000000000000000e+01,1.000000000000000000e+00,3.302500000000012370e-02,3.623477114726236792e-02,4.038310375451614753e-02,3.254788904406007849e-02,3.116372237502744794e-02,1.302094874234395461e-02
4.000000000000000000e+01,1.000000000000000000e+00,3.382500000000003559e-02,3.812269083009601350e-02,4.201871450831236310e-02,3.401082561572452145e-02,3.262746518458611161e-02,1.555155586326960326e-02
4.100000000000000000e+01,1.000000000000000000e+00,4.027500000000009545e-02,3.999801964920877279e-02,4.365744110726106630e-02,3.548950219532756578e-02,3.408259774232384048e-02,1.805817618684050704e-02
4.200000000000000000e+01,1.000000000000000000e+00,4.027500000000009545e-02,4.186084157525398614e-02,4.529839291836568194e-02,3.698305310074330443e-02,3.552917069678075690e-02,2.054103707606476370e-02
4.300000000000000000e+01,1.000000000000000000e+00,4.270000000000014062e-02,4.371124001887016081e-02,4.694073935274823556e-02,3.849063612507784560e-02,3.696723439856439836e-02,2.300036373885087568e-02
4.400000000000000000e+01,1.000000000000000000e+00,4.752500000000008107e-02,4.554929783441578200e-02,4.858370609894182429e-02,4.001143201018354800e-02,3.839683890210225659e-02,2.543637924843522580e-02
4.500000000000000000e+01,1.000000000000000000e+00,4.832499999999999296e-02,4.737509732367926191e-02,5.022657159075276379e-02,4.154464393096216762e-02,3.981803396738400891e-02,2.784930456361593004e-02
4.600000000000000000e+01,1.000000000000000000e+00,4.832499999999999296e-02,4.918872023956410294e-02,5.186866369509599700e-02,4.308949699024725022e-02,4.123086906169351473e-02,3.023935854879492360e-02
4.700000000000000000e+01,1.000000000000000000e+00,4.832499999999999296e-02,5.099024778974953209e-02,5.350935660611564476e-02,4.464523772405998292e-02,4.263539336133061186e-02,3.260675799383003920e-02
4.800000000000000000e+01,1.000000000000000000e+00,5.235000000000002152e-02,5.277976064032667558e-02,5.514806793275429248e-02,4.621113361703663158e-02,4.403165575332278203e-02,3.495171763369894768e-02
4.900000000000000000e+01,1.000000000000000000e+00,5.637500000000006395e-02,5.455733891941050989e-02,5.678425596773321871e-02,4.778647262782945160e-02,4.541970483712676893e-02,3.727445016797668181e-02
5.000000000000000000e+01,1.000000000000000000e+00,5.637500000000006395e-02,5.632306222072772789e-02,5.841741712665485253e-02,4.937056272428669984e-02,4.679958892632014172e-02,3.957516628012856114e-02
5.100000000000000000e+01,1.000000000000000000e+00,5.637500000000006395e-02,5.807700960718063798e-02,6.004708354664108072e-02,5.096273142822101143e-02,4.817135605028296380e-02,4.185407465662023541e-02
5.200000000000000000e+01,1.000000000000000000e+00,5.637500000000006395e-02,5.981925961438736700e-02,6.167282083457976266e-02,5.256232536957904100e-02,4.953505395586953186e-02,4.411138200584658470e-02
5.300000000000000000e+01,1.000000000000000000e+00,6.122500000000012654e-02,6.154989025419837362e-02,6.329422595566946974e-02,5.416870984982873061e-02,5.089073010907029654e-02,4.634729307688121441e-02
5.400000000000000000e+01,1.000000000000000000e+00,6.445000000000007667e-02,6.326897901818956393e-02,6.491092525353184262e-02,5.578126841438406369e-02,5.223843169666399916e-02,4.856201067804821747e-02
5.500000000000000000e+01,1.000000000000000000e+00,6.445000000000007667e-02,6.497660288113207838e-02,6.652257259370403242e-02,5.739940243389053676e-02,5.357820562786009405e-02,5.075573569531790369e-02
5.600000000000000000e+01,1.000000000000000000e+00,6.445000000000007667e-02,6.667283830443897219e-02,6.812884762283333284e-02,5.902253069419795967e-02,5.491009853593150497e-02,5.292866711052815476e-02
5.700000000000000000e+01,1.000000000000000000e+00,6.445000000000007667e-02,6.835776123958886563e-02,6.972945413637360312e-02,6.065008899485035271e-02,5.623415677983779198e-02,5.508100201943309793e-02
5.800000000000000000e+01,1.000000000000000000e+00,6.445000000000007667e-02,7.003144713152682777e-02,7.132411854803134832e-02,6.228152975592609469e-02,5.755042644583874961e-02,5.721293564958064570e-02
5.900000000000000000e+01,1.000000000000000000e+00,6.525000000000016898e-02,7.169397092204246591e-02,7.291258845462919580e-02,6.391632163306443237e-02,5.885895334909851950e-02,5.932466137802063638e-02
6.000000000000000000e+01,1.000000000000000000e+00,6.525000000000016898e-02,7.334540705312563025e-02,7.449463129044883725e-02,6.555394914051776434e-02,6.015978303528029397e-02,6.141637074884508107e-02
6.100000000000000000e+01,1.000000000000000000e+00,6.605000000000008087e-02,7.498582947029962253e-02,7.607003306548446031e-02,6.719391228207190203e-02,6.145296078213158958e-02,6.348825349056218259e-02
6.200000000000000000e+01,1.000000000000000000e+00,7.170000000000005536e-02,7.661531162593222810e-02,7.763859718238487473e-02,6.883572618967975787e-02,6.273853160106022953e-02,6.554049753330566663e-02
6.300000000000000000e+01,1.000000000000000000e+00,7.250000000000014766e-02,7.823392648252465442e-02,7.920014332718687544e-02,7.047892076965657504e-02,6.401654023870105570e-02,6.757328902588095876e-02
6.400000000000000000e+01,1.000000000000000000e+00,7.250000000000014766e-02,7.984174651597854278e-02,8.075450642924741906e-02,7.212304035628801235e-02,6.528703117847341197e-02,6.958681235264985165e-02
6.500000000000000000e+01,1.000000000000000000e+00,8.055000000000003824e-02,8.143884371884116402e-02,8.230153568606773939e-02,7.376764337270477756e-02,6.655004864212946125e-02,7.158125015025505744e-02
6.600000000000000000e+01,1.000000000000000000e+00,8.055000000000003824e-02,8.302528960352902054e-02,8.384109364897077143e-02,7.541230199888065977e-02,6.780563659129341947e-02,7.355678332418628951e-02
6.700000000000000000e+01,1.000000000000000000e+00,8.055000000000003824e-02,8.460115520552990986e-02,8.537305536584437193e-02,7.705660184661343448e-02,6.905383872899170661e-02,7.551359106518926168e-02
6.800000000000000000e+01,1.000000000000000000e+00,8.297500000000006259e-02,8.616651108658363034e-02,8.689730757739841382e-02,7.870014164135057111e-02,7.029469850117411878e-02,7.745185086551921450e-02
6.900000000000000000e+01,1.000000000000000000e+00,8.700000000000009115e-02,8.772142733784152324e-02,8.841374796360501609e-02,8.034253291072449010e-02,7.152825909822604911e-02,7.937173853504035648e-02
7.000000000000000000e+01,1.000000000000000000e+00,8.700000000000009115e-02,8.926597358300487894e-02,8.992228443719837983e-02,8.198339967966485065e-02,7.275456345647178524e-02,8.127342821717266352e-02
7.100000000000000000e+01,1.000000000000000000e+00,8.860000000000009535e-02,9.080021898144244319e-02,9.142283448130497647e-02,8.362237817195727896e-02,7.397365425966902219e-02,8.315709240468760477e-02
7.200000000000000000e+01,1.000000000000000000e+00,8.860000000000009535e-02,9.232423223128714829e-02,9.291532452845714662e-02,8.525911651812119463e-02,7.518557394049450726e-02,8.502290195535407158e-02
7.300000000000000000e+01,1.000000000000000000e+00,8.860000000000009535e-02,9.383808157251216642e-02,9.439968937841414220e-02,8.689327446948109934e-02,7.639036468202101138e-02,8.687102610743602238e-02
7.400000000000000000e+01,1.000000000000000000e+00,9.102500000000013358e-02,9.534183478998646544e-02,9.587587165237475284e-02,8.852452311830871778e-02,7.758806841918559905e-02,8.870163249504325886e-02
7.500000000000000000e+01,1.000000000000000000e+00,9.667500000000009419e-02,9.683555921650993659e-02,9.734382128131630063e-02,9.015254462391517065e-02,7.877872684024922467e-02,9.051488716333667972e-02
7.600000000000000000e+01,1.000000000000000000e+00,9.667500000000009419e-02,9.831932173582838552e-02,9.880349502633534176e-02,9.177703194457499658e-02,7.996238138824776631e-02,9.231095458358939965e-02
7.700000000000000000e+01,1.000000000000000000e+00,9.667500000000009419e-02,9.979318878562831729e-02,1.002548560289979601e-01,9.339768857516601852e-02,8.113907326243455231e-02,9.408999766810513532e-02
7.800000000000000000e+01,1.000000000000000000e+00,9.907500000000001028e-02,1.012572263605117651e-01,1.016978733898313281e-01,9.501422829041122897e-02,8.230884341971435314e-02,9.585217778499512120e-02
7.900000000000000000e+01,1.000000000000000000e+00,9.747500000000001996e-02,1.027115000149513291e-01,1.031325217732043664e-01,9.662637489361097787e-02,8.347173257606897712e-02,9.759765477281506785e-02
8.000000000000000000e+01,1.000000000000000000e+00,1.023000000000001408e-01,1.041560748662254676e-01,1.045587810369547066e-01,9.823386197075600901e-02,8.462778120797445625e-02,9.932658695506325908e-02
8.100000000000000000e+01,1.000000000000000000e+00,1.047249999999999986e-01,1.055910155973342202e-01,1.059766358852209933e-01,9.983643264991401423e-02,8.577702955380990535e-02,1.010391311545413284e-01
8.200000000000000000e+01,1.000000000000000000e+00,1.047249999999999986e-01,1.070163864598954739e-01,1.073860755430355585e-01,1.014338393657841092e-01,8.691951761525809617e-02,1.027354427075788390e-01
8.300000000000000000e+01,1.000000000000000000e+00,1.047249999999999986e-01,1.084322512770219543e-01,1.087870934513228000e-01,1.030258436293161189e-01,8.805528515869776029e-02,1.044156754781231100e-01
8.400000000000000000e+01,1.000000000000000000e+00,1.047249999999999986e-01,1.098386734461789527e-01,1.101796869810321017e-01,1.046122158022931847e-01,8.918437171658778750e-02,1.060799818716954002e-01
8.500000000000000000e+01,1.000000000000000000e+00,1.063250000000000028e-01,1.112357159420230973e-01,1.115638571652141225e-01,1.061927348767782164e-01,9.030681658884316676e-02,1.077285128492148636e-01
8.600000000000000000e+01,1.000000000000000000e+00,1.127750000000000558e-01,1.126234413192220979e-01,1.129396084479226681e-01,1.077671882593267821e-01,9.142265884420291977e-02,1.093614179406914855e-01
8.700000000000000000e+01,1.000000000000000000e+00,1.127750000000000558e-01,1.140019117152557271e-01,1.143069484488943854e-01,1.093353715598706227e-01,9.253193732158997153e-02,1.109788452587891910e-01
8.800000000000000000e+01,1.000000000000000000e+00,1.127750000000000558e-01,1.153711888531981644e-01,1.156658877430235266e-01,1.108970883851781858e-01,9.363469063146298565e-02,1.125809415122603768e-01
8.900000000000000000e+01,1.000000000000000000e+00,1.144000000000000017e-01,1.167313340444816744e-01,1.170164396537101137e-01,1.124521501367998499e-01,9.473095715716027543e-02,1.141678520192531548e-01
9.000000000000000000e+01,1.000000000000000000e+00,1.192250000000001225e-01,1.180824081916419660e-01,1.183586200592174759e-01,1.140003758134078699e-01,9.582077505623581848e-02,1.157397207204924477e-01
9.100000000000000000e+01,1.000000000000000000e+00,1.208500000000000824e-01,1.194244717910451781e-01,1.196924472112285004e-01,1.155415918174424184e-01,9.690418226178737493e-02,1.172966901923361144e-01
9.200000000000000000e+01,1.000000000000000000e+00,1.208500000000000824e-01,1.207575849355966846e-01,1.210179415648407475e-01,1.170756317659767398e-01,9.798121648377687565e-02,1.188389016597073272e-01
9.300000000000000000e+01,1.000000000000000000e+00,1.208500000000000824e-01,1.220818073174318452e-01,1.223351256192875963e-01,1.186023363057165658e-01,9.905191521034290014e-02,1.203664950089044089e-01
9.400000000000000000e+01,1.000000000000000000e+00,1.264750000000001151e-01,1.233971982305888393e-01,1.236440237687172067e-01,1.201215529320500547e-01,1.001163157091055911e-01,1.218796088002891964e-01
9.500000000000000000e+01,1.000000000000000000e+00,1.264750000000001151e-01,1.247038165736636117e-01,1.249446621624022979e-01,1.216331358120664036e-01,1.011744550284637972e-01,1.233783802808551683e-01
9.600000000000000000e+01,1.000000000000000000e+00,1.281000000000000472e-01,1.260017208524471799e-01,1.262370685737932430e-01,1.231369456114628502e-01,1.022263699988846114e-01,1.248629453966764308e-01
9.700000000000000000e+01,1.000000000000000000e+00,1.289000000000001533e-01,1.272909691825452605e-01,1.275212722778630292e-01,1.246328493252612524e-01,1.032720972341853033e-01,1.263334388052387292e-01
9.800000000000000000e+01,1.000000000000000000e+00,1.289000000000001533e-01,1.285716192919805489e-01,1.287973039362274030e-01,1.261207201122570010e-01,1.043116731328077446e-01,1.277899938876534969e-01
9.900000000000000000e+01,1.000000000000000000e+00,1.289000000000001533e-01,1.298437285237775130e-01,1.300651954895553908e-01,1.276004371331244391e-01,1.053451338790853536e-01,1.292327427607562751e-01
1.000000000000000000e+02,1.000000000000000000e+00,1.329249999999999876e-01,1.311073538385300885e-01,1.313249800568155878e-01,1.290718853921046516e-01,1.063725154445025051e-01,1.306618162890903212e-01
1.010000000000000000e+02,1.000000000000000000e+00,1.369500000000000439e-01,1.323625518169521120e-01,1.325766918409320150e-01,1.305349555822025442e-01,1.073938535889466112e-01,1.320773440967766554e-01
1.020000000000000000e+02,1.000000000000000000e+00,1.369500000000000439e-01,1.336093786624108215e-01,1.338203660404499173e-01,1.319895439338219512e-01,1.084091838619528209e-01,1.334794545792716280e-01
1.030000000000000000e+02,1.000000000000000000e+00,1.369500000000000439e-01,1.348478902034434546e-01,1.350560387668362783e-01,1.334355520667684647e-01,1.094185416039413355e-01,1.348682749150131033e-01
1.040000000000000000e+02,1.000000000000000000e+00,1.417750000000001509e-01,1.360781418962570821e-01,1.362837469670640234e-01,1.348728868455515706e-01,1.104219619474475778e-01,1.362439310769560930e-01
1.050000000000000000e+02,1.000000000000000000e+00,1.450000000000001010e-01,1.373001888272116777e-01,1.375035283511497897e-01,1.363014602379185591e-01,1.114194798183449492e-01,1.376065478439991441e-01
1.060000000000000000e+02,1.000000000000000000e+00,1.450000000000001010e-01,1.385140857152867555e-01,1.387154213243365075e-01,1.377211891765539598e-01,1.124111299370605804e-01,1.389562488123024520e-01
1.070000000000000000e+02,1.000000000000000000e+00,1.458250000000001489e-01,1.397198869145314659e-01,1.399194649236306098e-01,1.391319954238800505e-01,1.133969468197837671e-01,1.402931564064986147e-01
1.080000000000000000e+02,1.000000000000000000e+00,1.490250000000001296e-01,1.409176464164983433e-01,1.411156987584221145e-01,1.405338054398945768e-01,1.143769647796673977e-01,1.416173918907971674e-01
1.090000000000000000e+02,1.000000000000000000e+00,1.522500000000000797e-01,1.421074178526609555e-01,1.423041629549327836e-01,1.419265502529836742e-01,1.153512179280223038e-01,1.429290753799838942e-01
1.100000000000000000e+02,1.000000000000000000e+00,1.530750000000001276e-01,1.432892544968152326e-01,1.434848981042532168e-01,1.433101653336486814e-01,1.163197401755045324e-01,1.442283258503157806e-01
1.110000000000000000e+02,1.000000000000000000e+00,1.530750000000001276e-01,1.444632092674649204e-01,1.446579452137444488e-01,1.446845904710870045e-01,1.172825652332956936e-01,1.455152611503127691e-01
1.120000000000000000e+02,1.000000000000000000e+00,1.530750000000001276e-01,1.456293347301911012e-01,1.458233456615942447e-01,1.460497696525684674e-01,1.182397266142763137e-01,1.467899980114472092e-01
1.130000000000000000e+02,1.000000000000000000e+00,1.554750000000000298e-01,1.467876831000058946e-01,1.469811411543306412e-01,1.474056509455491659e-01,1.191912576341923463e-01,1.480526520587320538e-01
1.140000000000000000e+02,1.000000000000000000e+00,1.595000000000000306e-01,1.479383062436904206e-01,1.481313736871080755e-01,1.487521863824668167e-01,1.201371914128147589e-01,1.493033378212084983e-01
1.150000000000000000e+02,1.000000000000000000e+00,1.611249999999999905e-01,1.490812556821172752e-01,1.492740855065924632e-01,1.500893318481619221e-01,1.210775608750923327e-01,1.505421687423344479e-01
1.160000000000000000e+02,1.000000000000000000e+00,1.611249999999999905e-01,1.502165825925574072e-01,1.504093190762830212e-01,1.514170469698706278e-01,1.220123987522976766e-01,1.517692571902743703e-01
1.170000000000000000e+02,1.000000000000000000e+00,1.611249999999999905e-01,1.513443378109716464e-01,1.515371170441180415e-01,1.527352950097358719e-01,1.229417375831665243e-01,1.529847144680916426e-01
1.180000000000000000e+02,1.000000000000000000e+00,1.611249999999999905e-01,1.524645718342870215e-01,1.526575222122219244e-01,1.540440427597849771e-01,1.238656097150302587e-01,1.541886508238443088e-01
1.190000000000000000e+02,1.000000000000000000e+00,1.611249999999999905e-01,1.535773348226577850e-01,1.537705775086591897e-01,1.553432604393220895e-01,1.247840473049418586e-01,1.553811754605851081e-01
1.200000000000000000e+02,1.000000000000000000e+00,1.611249999999999905e-01,1.546826766017114219e-01,1.548763259610699827e-01,1.566329215946856146e-01,1.256970823207951560e-01,1.565623965462667466e-01
1.210000000000000000e+02,1.000000000000000000e+00,1.619250000000000689e-01,1.557806466647796706e-01,1.559748106720690031e-01,1.579130030013215225e-01,1.266047465424375296e-01,1.577324212235532985e-01
1.220000000000000000e+02,1.000000000000000000e+00,1.627250000000000085e-01,1.568712941751146672e-01,1.570660747962973891e-01,1.591834845681239508e-01,1.275070715627761309e-01,1.588913556195385435e-01
1.230000000000000000e+02,1.000000000000000000e+00,1.643500000000001071e-01,1.579546679680902677e-01,1.581501615190239185e-01,1.604443492439961982e-01,1.284040887888774629e-01,1.600393048553722664e-01
1.240000000000000000e+02,1.000000000000000000e+00,1.691750000000000753e-01,1.590308165533887708e-01,1.592271140361983250e-01,1.616955829265856459e-01,1.292958294430605337e-01,1.611763730557952412e-01
1.250000000000000000e+02,1.000000000000000000e+00,1.691750000000000753e-01,1.600997881171730142e-01,1.602969755358654991e-01,1.629371743731471978e-01,1.301823245639837090e-01,1.623026633585838985e-01
1.260000000000000000e+02,1.000000000000000000e+00,1.691750000000000753e-01,1.611616305242439262e-01,1.613597891808551399e-01,1.641691151134905824e-01,1.310636050077249870e-01,1.634182779239053418e-01
1.270000000000000000e+02,1.000000000000000000e+00,1.691750000000000753e-01,1.622163913201837837e-01,1.624155980926668685e-01,1.653913993649680225e-01,1.319397014488560282e-01,1.645233179435839355e-01
1.280000000000000000e+02,1.000000000000000000e+00,1.651500000000000468e-01,1.632641177334851201e-01,1.634644453364752781e-01,1.666040239494595010e-01,1.328106443815098292e-01,1.656178836502797957e-01
1.290000000000000000e+02,1.000000000000000000e+00,1.667500000000000371e-01,1.643048566776655062e-01,1.645063739071848108e-01,1.678069882123135181e-01,1.336764641204421233e-01,1.667020743265804350e-01
1.300000000000000000e+02,1.000000000000000000e+00,1.691750000000000753e-01,1.653386547533680917e-01,1.655414267164681819e-01,1.690002939432022899e-01,1.345371908020865925e-01,1.677759883140061969e-01
1.310000000000000000e+02,1.000000000000000000e+00,1.691750000000000753e-01,1.663655582504482700e-01,1.665696465807264826e-01,1.701839452988511137e-01,1.353928543856037503e-01,1.688397230219302880e-01
1.320000000000000000e+02,1.000000000000000000e+00,1.691750000000000753e-01,1.673856131500463529e-01,1.675910762099126761e-01,1.713579487276022939e-01,1.362434846539237465e-01,1.698933749364143209e-01
1.330000000000000000e+02,1.000000000000000000e+00,1.699750000000001537e-01,1.683988651266464520e-01,1.686057581971642516e-01,1.725223128957751040e-01,1.370891112147830382e-01,1.709370396289601191e-01
1.340000000000000000e+02,1.000000000000000000e+00,1.716000000000001136e-01,1.694053595501216480e-01,1.696137350091937446e-01,1.736770486157834248e-01,1.379297635017548984e-01,1.719708117651784773e-01
1.350000000000000000e+02,1.000000000000000000e+00,1.756250000000001421e-01,1.704051414877654769e-01,1.706150489773892442e-01,1.748221687759743403e-01,1.387654707752739858e-01,1.729947851133758208e-01
1.360000000000000000e+02,1.000000000000000000e+00,1.764250000000000262e-01,1.713982557063098433e-01,1.716097422895801472e-01,1.759576882721507751e-01,1.395962621236547241e-01,1.740090525530594290e-01
1.370000000000000000e+02,1.000000000000000000e+00,1.772250000000001324e-01,1.723847466739295564e-01,1.725978569824257181e-01,1.770836239407427293e-01,1.404221664641038259e-01,1.750137060833621416e-01
1.380000000000000000e+02,1.000000000000000000e+00,1.772250000000001324e-01,1.733646585622334868e-01,1.735794349343872389e-01,1.781999944935919455e-01,1.412432125437267649e-01,1.760088368313871277e-01
1.390000000000000000e+02,1.000000000000000000e+00,1.772250000000001324e-01,1.743380352482423734e-01,1.745545178592465552e-01,1.793068204543155353e-01,1.420594289405283928e-01,1.769945350604734680e-01
1.400000000000000000e+02,1.000000000000000000e+00,1.812750000000001305e-01,1.753049203163535019e-01,1.755231473001364062e-01,1.804041240962151738e-01,1.428708440644076427e-01,1.779708901783836339e-01
1.410000000000000000e+02,1.000000000000000000e+00,1.820750000000000424e-01,1.762653570602922271e-01,1.764853646240499008e-01,1.814919293816987522e-01,1.436774861581464335e-01,1.789379907454131391e-01
1.420000000000000000e+02,1.000000000000000000e+00,1.836750000000000327e-01,1.772193884850505885e-01,1.774412110167985224e-01,1.825702619031819296e-01,1.444793832983926329e-01,1.798959244824234194e-01
1.430000000000000000e+02,1.000000000000000000e+00,1.853000000000001313e-01,1.781670573088128262e-01,1.783907274783902985e-01,1.836391488254383308e-01,1.452765633966373870e-01,1.808447782787985236e-01
1.440000000000000000e+02,1.000000000000000000e+00,1.853000000000001313e-01,1.791084059648682392e-01,1.793339548188010724e-01,1.846986188293669728e-01,1.460690542001865933e-01,1.817846382003264760e-01
1.450000000000000000e+02,1.000000000000000000e+00,1.853000000000001313e-01,1.800434766035111378e-01,1.802709336541137297e-01,1.857487020571466363e-01,1.468568832931266832e-01,1.827155894970058092e-01
1.460000000000000000e+02,1.000000000000000000e+00,1.853000000000001313e-01,1.809723110939282509e-01,1.812017044030019008e-01,1.867894300587473189e-01,1.476400780972847715e-01,1.836377166107782399e-01
1.470000000000000000e+02,1.000000000000000000e+00,1.853000000000001313e-01,1.818949510260733926e-01,1.821263072835360153e-01,1.878208357397695150e-01,1.484186658731831143e-01,1.845511031831879034e-01
1.480000000000000000e+02,1.000000000000000000e+00,1.853000000000001313e-01,1.828114377125297785e-01,1.830447823102906435e-01,1.888429533105828451e-01,1.491926737209879339e-01,1.854558320629680901e-01
1.490000000000000000e+02,1.000000000000000000e+00,1.844750000000000834e-01,1.837218121903598789e-01,1.839571692917343071e-01,1.898558182367355851e-01,1.499621285814527194e-01,1.863519853135560400e-01
1.500000000000000000e+02,1.000000000000000000e+00,1.853000000000001313e-01,1.846261152229428104e-01,1.848635078278829391e-01,1.908594671906081175e-01,1.507270572368559491e-01,1.872396442205365164e-01
1.510000000000000000e+02,1.000000000000000000e+00,1.853000000000001313e-01,1.855243873017997092e-01,1.857638373082000638e-01,1.918539380042827980e-01,1.514874863119332893e-01,1.881188892990148243e-01
1.520000000000000000e+02,1.000000000000000000e+00,1.853000000000001313e-01,1.864166686484067248e-01,1.866581969097279026e-01,1.928392696236042592e-01,1.522434422748042693e-01,1.889898003009198579e-01
1.530000000000000000e+02,1.000000000000000000e+00,1.853000000000001313e-01,1.873029992159959689e-01,1.875466255954341688e-01,1.938155020634039771e-01,1.529949514378936559e-01,1.898524562222381196e-01
1.540000000000000000e+02,1.000000000000000000e+00,1.853000000000001313e-01,1.881834186913445561e-01,1.884291621127604233e-01,1.947826763638639824e-01,1.537420399588472208e-01,1.907069353101789599e-01
1.550000000000000000e+02,1.000000000000000000e+00,1.853000000000001313e-01,1.890579664965515994e-01,1.893058449923590014e-01,1.957408345479946798e-01,1.544847338414422344e-01,1.915533150702720122e-01
1.560000000000000000e+02,1.000000000000000000e+00,1.853000000000001313e-01,1.899266817908033811e-01,1.901767125470059105e-01,1.966900195802023799e-01,1.552230589364925750e-01,1.923916722733973739e-01
1.570000000000000000e+02,1.000000000000000000e+00,1.869000000000001216e-01,1.907896034721268119e-01,1.910418028706782068e-01,1.976302753259230049e-01,1.559570409427485094e-01,1.932220829627490366e-01
1.580000000000000000e+02,1.000000000000000000e+00,1.893249999999999933e-01,1.916467701791310652e-01,1.919011538377850545e-01,1.985616465122982677e-01,1.566867054077911714e-01,1.940446224607324244e-01
1.590000000000000000e+02,1.000000000000000000e+00,1.893249999999999933e-01,1.924982202927377761e-01,1.927548031025420883e-01,1.994841786898715608e-01,1.574120777289218231e-01,1.948593653757965394e-01
1.600000000000000000e+02,1.000000000000000000e+00,1.893249999999999933e-01,1.933439919378995564e-01,1.936027880984795835e-01,2.003979181952811051e-01,1.581331831540458144e-01,1.956663856092012710e-01
1.610000000000000000e+02,1.000000000000000000e+00,1.909250000000000114e-01,1.941841229853070727e-01,1.944451460380756114e-01,2.013029121149283174e-01,1.588500467825514351e-01,1.964657563617206726e-01
1.620000000000000000e+02,1.000000000000000000e+00,1.933500000000000496e-01,1.950186510530848016e-01,1.952819139125056558e-01,2.021992082495999987e-01,1.595626935661834944e-01,1.972575501402825393e-01
1.630000000000000000e+02,1.000000000000000000e+00,1.933500000000000496e-01,1.958476135084754044e-01,1.961131284915007822e-01,2.030868550800231931e-01,1.602711483099118484e-01,1.980418387645452305e-01
1.640000000000000000e+02,1.000000000000000000e+00,1.933500000000000496e-01,1.966710474695129718e-01,1.969388263233070591e-01,2.039659017333317892e-01,1.609754356727947366e-01,1.988186933734120698e-01
1.650000000000000000e+02,1.000000000000000000e+00,1.885250000000000814e-01,1.974889898066849447e-01,1.977590437347393482e-01,2.048363979504251586e-01,1.616755801688371241e-01,1.995881844314839615e-01
1.660000000000000000e+02,1.000000000000000000e+00,1.780499999999999861e-01,1.983014771445830993e-01,1.985738168313229135e-01,2.056983940541984024e-01,1.623716061678439626e-01,2.003503817354509164e-01
1.670000000000000000e+02,1.000000000000000000e+00,1.804500000000000826e-01,1.991085458635434569e-01,1.993831814975167982e-01,2.065519409186253041e-01,1.630635378962684290e-01,2.011053544204229049e-01
1.680000000000000000e+02,1.000000000000000000e+00,1.853000000000001313e-01,1.999102321012752870e-01,2.001871733970133627e-01,2.073970899386743671e-01,1.637513994380550841e-01,2.018531709662008677e-01
1.690000000000000000e+02,1.000000000000000000e+00,1.853000000000001313e-01,2.007065717544792016e-01,2.009858279731084607e-01,2.082338930010400602e-01,1.644352147354782856e-01,2.025938992034880259e-01
1.700000000000000000e+02,1.000000000000000000e+00,1.861000000000000709e-01,2.014976004804544807e-01,2.017791804491373409e-01,2.090624024556701210e-01,1.651150075899754932e-01,2.033276063200425976e-01
1.710000000000000000e+02,1.000000000000000000e+00,1.909250000000000114e-01,2.022833536986957115e-01,2.025672658289718320e-01,2.098826710880718760e-01,1.657908016629756343e-01,2.040543588667720065e-01
1.720000000000000000e+02,1.000000000000000000e+00,1.933500000000000496e-01,2.030638665924786868e-01,2.033501188975740670e-01,2.106947520923793671e-01,1.664626204767228335e-01,2.047742227637693868e-01
1.730000000000000000e+02,1.000000000000000000e+00,1.933500000000000496e-01,2.038391741104358945e-01,2.041277742216027480e-01,2.114986990451645510e-01,1.671304874150950637e-01,2.054872633062928555e-01
1.740000000000000000e+02,1.000000000000000000e+00,1.933500000000000496e-01,2.046093109681213218e-01,2.049002661500682887e-01,2.122945658799756663e-01,1.677944257244180504e-01,2.061935451706881639e-01
1.750000000000000000e+02,1.000000000000000000e+00,1.990000000000000102e-01,2.053743116495648502e-01,2.056676288150328935e-01,2.130824068625860601e-01,1.684544585142744300e-01,2.068931324202550603e-01
1.760000000000000000e+02,1.000000000000000000e+00,2.014000000000000790e-01,2.061342104088164373e-01,2.064298961323526027e-01,2.138622765669377923e-01,1.691106087583081063e-01,2.075860885110583087e-01
1.770000000000000000e+02,1.000000000000000000e+00,2.014000000000000790e-01,2.068890412714798344e-01,2.071871018024577238e-01,2.146342298517638358e-01,1.697628992950239446e-01,2.082724762976833066e-01
1.780000000000000000e+02,1.000000000000000000e+00,2.014000000000000790e-01,2.076388380362361452e-01,2.079392793111689841e-01,2.153983218378736075e-01,1.704113528285826351e-01,2.089523580389374691e-01
1.790000000000000000e+02,1.000000000000000000e+00,2.014000000000000790e-01,2.083836342763571992e-01,2.086864619305464907e-01,2.161546078860865916e-01,1.710559919295909781e-01,2.096257954034972670e-01
1.800000000000000000e+02,1.000000000000000000e+00,2.014000000000000790e-01,2.091234633412088484e-01,2.094286827197689993e-01,2.169031435757993731e-01,1.716968390358875052e-01,2.102928494755020028e-01
1.810000000000000000e+02,1.000000000000000000e+00,2.014000000000000790e-01,2.098583583577442457e-01,2.101659745260408552e-01,2.176439846841711490e-01,1.723339164533234658e-01,2.109535807600943780e-01
1.820000000000000000e+02,1.000000000000000000e+00,2.014000000000000790e-01,2.105883522319871304e-01,2.108983699855246086e-01,2.183771871659141717e-01,1.729672463565392337e-01,2.116080491889086035e-01
1.830000000000000000e+02,1.000000000000000000e+00,2.014000000000000790e-01,2.113134776505053158e-01,2.116259015242969999e-01,2.191028071336745542e-01,1.735968507897360791e-01,2.122563141255066066e-01
1.840000000000000000e+02,1.000000000000000000e+00,2.030250000000000665e-01,2.120337670818741860e-01,2.123486013593262056e-01,2.198209008389901409e-01,1.742227516674435261e-01,2.128984343707624460e-01
1.850000000000000000e+02,1.000000000000000000e+00,2.046250000000000291e-01,2.127492527781305875e-01,2.130665014994688744e-01,2.205315246538119278e-01,1.748449707752821047e-01,2.135344681681959345e-01
1.860000000000000000e+02,1.000000000000000000e+00,2.038250000000001172e-01,2.134599667762169251e-01,2.137796337464846763e-01,2.212347350525761258e-01,1.754635297707216324e-01,2.141644732092556624e-01
1.870000000000000000e+02,1.000000000000000000e+00,2.030250000000000665e-01,2.141659408994156799e-01,2.144880296960672006e-01,2.219305885948139045e-01,1.760784501838350558e-01,2.147885066385517849e-01
1.880000000000000000e+02,1.000000000000000000e+00,2.046250000000000291e-01,2.148672067587743539e-01,2.151917207388893416e-01,2.226191419082862999e-01,1.766897534180477958e-01,2.154066250590394027e-01
1.890000000000000000e+02,1.000000000000000000e+00,2.094499999999999973e-01,2.155637957545208649e-01,2.158907380616619798e-01,2.233004516726320998e-01,1.772974607508828182e-01,2.160188845371527333e-01
1.900000000000000000e+02,1.000000000000000000e+00,2.094499999999999973e-01,2.162557390774696164e-01,2.165851126482044031e-01,2.239745746035167184e-01,1.779015933347011524e-01,2.166253406078905985e-01
1.910000000000000000e+02,1.000000000000000000e+00,2.094499999999999973e-01,2.169430677104180194e-01,2.172748752805253869e-01,2.246415674372700400e-01,1.785021721974382192e-01,2.172260482798537007e-01
1.920000000000000000e+02,1.000000000000000000e+00,2.094499999999999973e-01,2.176258124295338547e-01,2.179600565399136547e-01,2.253014869160019640e-01,1.790992182433356616e-01,2.178210620402342146e-01
1.930000000000000000e+02,1.000000000000000000e+00,2.110750000000000681e-01,2.183040038057332821e-01,2.186406868080366106e-01,2.259543897731843276e-01,1.796927522536689859e-01,2.184104358597580287e-01
1.940000000000000000e+02,1.000000000000000000e+00,2.159000000000000918e-01,2.189776722060497727e-01,2.193167962680465932e-01,2.266003327196881023e-01,1.802827948874709540e-01,2.189942231975801901e-01
1.950000000000000000e+02,1.000000000000000000e+00,2.175249999999999961e-01,2.196468477949937159e-01,2.199884149056931526e-01,2.272393724302651241e-01,1.808693666822505375e-01,2.195724770061338871e-01
1.960000000000000000e+02,1.000000000000000000e+00,2.175249999999999961e-01,2.203115605359032281e-01,2.206555725104410171e-01,2.278715655304636711e-01,1.814524880547079000e-01,2.201452497359335236e-01
1.970000000000000000e+02,1.000000000000000000e+00,2.175249999999999961e-01,2.209718401922856623e-01,2.213182986765925564e-01,2.284969685839677300e-01,1.820321793014449130e-01,2.207125933403322193e-01
1.980000000000000000e+02,1.000000000000000000e+00,2.175249999999999961e-01,2.216277163291504038e-01,2.219766228044141865e-01,2.291156380803495984e-01,1.826084605996717292e-01,2.212745592802342620e-01
1.990000000000000000e+02,1.000000000000000000e+00,2.183250000000000746e-01,2.222792183143326716e-01,2.226305741012656603e-01,2.297276304232259980e-01,1.831813520079089708e-01,2.218311985287628185e-01
2.000000000000000000e+02,1.000000000000000000e+00,2.215500000000000524e-01,2.229263753198084674e-01,2.232801815827320513e-01,2.303330019188080391e-01,1.837508734666859767e-01,2.223825615758835139e-01
2.010000000000000000e+02,1.000000000000000000e+00,2.239750000000000907e-01,2.235692163230008911e-01,2.239254740737574578e-01,2.309318087648354612e-01,1.843170447992348859e-01,2.229286984329841015e-01
2.020000000000000000e+02,1.000000000000000000e+00,2.231500000000000428e-01,2.242077701080775198e-01,2.245664802097797064e-01,2.315241070398858514e-01,1.848798857121805861e-01,2.234696586374107508e-01
2.030000000000000000e+02,1.000000000000000000e+00,2.239750000000000907e-01,2.248420652672393494e-01,2.252032284378659432e-01,2.321099526930498480e-01,1.854394157962265810e-01,2.240054912569613144e-01
2.040000000000000000e+02,1.000000000000000000e+00,2.231500000000000428e-01,2.254721302020010476e-01,2.258357470178482818e-01,2.326894015339632249e-01,1.859956545268370287e-01,2.245362448943360456e-01
2.050000000000000000e+02,1.000000000000000000e+00,2.247750000000001691e-01,2.260979931244626318e-01,2.264640640234590885e-01,2.332625092231871422e-01,1.865486212649144770e-01,2.250619676915460998e-01
2.060000000000000000e+02,1.000000000000000000e+00,2.239750000000000907e-01,2.267196820585727357e-01,2.270882073434654647e-01,2.338293312629284859e-01,1.870983352574738245e-01,2.255827073342802358e-01
2.070000000000000000e+02,1.000000000000000000e+00,2.247750000000001691e-01,2.273372248413834396e-01,2.277082046828026729e-01,2.343899229880911650e-01,1.876448156383122290e-01,2.260985110562301614e-01
2.080000000000000000e+02,1.000000000000000000e+00,2.255750000000000810e-01,2.279506491242966615e-01,2.283240835637056487e-01,2.349443395576509830e-01,1.881880814286751025e-01,2.266094256433748566e-01
2.090000000000000000e+02,1.000000000000000000e+00,2.255750000000000810e-01,2.285599823743023618e-01,2.289358713268389578e-01,2.354926359463454244e-01,1.887281515379181929e-01,2.271154974382243452e-01
2.100000000000000000e+02,1.000000000000000000e+00,2.255750000000000810e-01,2.291652518752083367e-01,2.295435951324241719e-01,2.360348669366711394e-01,1.892650447641657518e-01,2.276167723440231383e-01
2.110000000000000000e+02,1.000000000000000000e+00,2.255750000000000810e-01,2.297664847288619916e-01,2.301472819613648579e-01,2.365710871111808555e-01,1.897987797949647892e-01,2.281132958289138757e-01
2.120000000000000000e+02,1.000000000000000000e+00,2.255750000000000810e-01,2.303637078563637863e-01,2.307469586163684860e-01,2.371013508450728335e-01,1.903293752079356083e-01,2.286051129300615825e-01
2.130000000000000000e+02,1.000000000000000000e+00,2.255750000000000810e-01,2.309569479992726881e-01,2.313426517230653956e-01,2.376257122990650950e-01,1.908568494714183439e-01,2.290922682577386793e-01
2.140000000000000000e+02,1.000000000000000000e+00,2.255750000000000810e-01,2.315462317208035747e-01,2.319343877311241531e-01,2.381442254125474556e-01,1.913812209451158930e-01,2.295748059993714674e-01
2.150000000000000000e+02,1.000000000000000000e+00,2.255750000000000810e-01,2.321315854070166440e-01,2.325221929153635791e-01,2.386569438970042867e-01,1.919025078807328755e-01,2.300527699235480061e-01
2.160000000000000000e+02,1.000000000000000000e+00,2.255750000000000810e-01,2.327130352679988856e-01,2.331060933768605847e-01,2.391639212297012318e-01,1.924207284226109316e-01,2.305262033839882707e-01
2.170000000000000000e+02,1.000000000000000000e+00,2.255750000000000810e-01,2.332906073390376700e-01,2.336861150440542878e-01,2.396652106476290511e-01,1.929359006083603001e-01,2.309951493234765063e-01
2.180000000000000000e+02,1.000000000000000000e+00,2.255750000000000810e-01,2.338643274817865103e-01,2.342622836738457170e-01,2.401608651416980711e-01,1.934480423694875939e-01,2.314596502777563070e-01
2.190000000000000000e+02,1.000000000000000000e+00,2.255750000000000810e-01,2.344342213854230805e-01,2.348346248526932689e-01,2.406509374511768551e-01,1.939571715320200229e-01,2.319197483793889181e-01
2.200000000000000000e+02,1.000000000000000000e+00,2.255750000000000810e-01,2.350003145677994898e-01,2.354031639977035850e-01,2.411354800583688784e-01,1.944633058171257867e-01,2.323754853615747629e-01
2.210000000000000000e+02,1.000000000000000000e+00,2.255750000000000810e-01,2.355626323765848129e-01,2.359679263577177111e-01,2.416145451835208513e-01,1.949664628417309420e-01,2.328269025619389421e-01
2.220000000000000000e+02,1.000000000000000000e+00,2.320250000000001200e-01,2.361211999904001824e-01,2.365289370143925096e-01,2.420881847799569164e-01,1.954666601191325237e-01,2.332740409262807069e-01
2.230000000000000000e+02,1.000000000000000000e+00,2.328250000000000319e-01,2.366760424199461088e-01,2.370862208832771600e-01,2.425564505294326156e-01,1.959639150596082235e-01,2.337169410122874880e-01
2.240000000000000000e+02,1.000000000000000000e+00,2.336250000000001104e-01,2.372271845091224185e-01,2.376398027148846626e-01,2.430193938377031571e-01,1.964582449710222944e-01,2.341556429932136474e-01
2.250000000000000000e+02,1.000000000000000000e+00,2.336250000000001104e-01,2.377746509361406690e-01,2.381897070957580964e-01,2.434770658303001545e-01,1.969496670594280685e-01,2.345901866615243969e-01
2.260000000000000000e+02,1.000000000000000000e+00,2.336250000000001104e-01,2.383184662146291266e-01,2.387359584495317710e-01,2.439295173485113155e-01,1.974381984296667281e-01,2.350206114325051610e-01
2.270000000000000000e+02,1.000000000000000000e+00,2.328250000000000319e-01,2.388586546947304157e-01,2.392785810379870481e-01,2.443767989455579714e-01,1.979238560859628293e-01,2.354469563478368277e-01
2.280000000000000000e+02,1.000000000000000000e+00,2.320250000000001200e-01,2.393952405641918690e-01,2.398175989621028348e-01,2.448189608829648700e-01,1.984066569325159957e-01,2.358692600791369165e-01
2.290000000000000000e+02,1.000000000000000000e+00,2.336250000000001104e-01,2.399282478494484949e-01,2.403530361631004975e-01,2.452560531271173461e-01,1.988866177740894470e-01,2.362875609314673275e-01
2.300000000000000000e+02,1.000000000000000000e+00,2.336250000000001104e-01,2.404577004166988941e-01,2.408849164234835027e-01,2.456881253460006520e-01,1.993637553165948095e-01,2.367018968468088402e-01
2.310000000000000000e+02,1.000000000000000000e+00,2.352500000000000702e-01,2.409836219729737938e-01,2.414132633680712847e-01,2.461152269061167297e-01,1.998380861676736786e-01,2.371123054075025549e-01
2.320000000000000000e+02,1.000000000000000000e+00,2.417000000000001647e-01,2.415060360671976714e-01,2.419381004650276445e-01,2.465374068695734833e-01,2.003096268372756006e-01,2.375188238396588880e-01
2.330000000000000000e+02,1.000000000000000000e+00,2.417000000000001647e-01,2.420249660912431044e-01,2.424594510268835157e-01,2.469547139913418343e-01,2.007783937382328077e-01,2.379214890165341212e-01
2.340000000000000000e+02,1.000000000000000000e+00,2.433000000000001273e-01,2.425404352809782393e-01,2.429773382115540115e-01,2.473671967166761743e-01,2.012444031868314553e-01,2.383203374618750037e-01
2.350000000000000000e+02,1.000000000000000000e+00,2.481250000000000677e-01,2.430524667173071807e-01,2.434917850233496994e-01,2.477749031786934675e-01,2.017076714033795293e-01,2.387154053532316023e-01
2.360000000000000000e+02,1.000000000000000000e+00,2.497500000000000275e-01,2.435610833272034981e-01,2.440028143139822969e-01,2.481778811961069253e-01,2.021682145127714214e-01,2.391067285252388430e-01
2.370000000000000000e+02,1.000000000000000000e+00,2.497500000000000275e-01,2.440663078847367662e-01,2.445104487835644824e-01,2.485761782711095602e-01,2.026260485450492588e-01,2.394943424728668835e-01
2.380000000000000000e+02,1.000000000000000000e+00,2.505500000000001615e-01,2.445681630120923877e-01,2.450147109816039337e-01,2.489698415874038728e-01,2.030811894359607350e-01,2.398782823546406207e-01
2.390000000000000000e+02,1.000000000000000000e+00,2.497500000000000275e-01,2.450666711805844222e-01,2.455156233079917316e-01,2.493589180083732593e-01,2.035336530275139166e-01,2.402585829958288344e-01
2.400000000000000000e+02,1.000000000000000000e+00,2.497500000000000275e-01,2.455618547116618922e-01,2.460132080139846578e-01,2.497434540753912802e-01,2.039834550685285519e-01,2.406352788916029384e-01
2.410000000000000000e+02,1.000000000000000000e+00,2.497500000000000275e-01,2.460537357779082057e-01,2.465074872031819964e-01,2.501234960062648782e-01,2.044306112151842714e-01,2.410084042101659219e-01
2.420000000000000000e+02,1.000000000000000000e+00,2.497500000000000275e-01,2.465423364040339460e-01,2.469984828324963133e-01,2.504990896938076861e-01,2.048751370315655407e-01,2.413779927958515092e-01
2.430000000000000000e+02,1.000000000000000000e+00,2.513500000000000734e-01,2.470276784678630821e-01,2.474862167131185453e-01,2.508702807045397609e-01,2.053170479902033940e-01,2.417440781721941212e-01
2.440000000000000000e+02,1.000000000000000000e+00,2.570000000000000062e-01,2.475097837013126023e-01,2.479707105114770382e-01,2.512371142775099986e-01,2.057563594726139755e-01,2.421066935449694979e-01
2.450000000000000000e+02,1.000000000000000000e+00,2.578000000000001402e-01,2.479886736913655410e-01,2.484519857501910900e-01,2.515996353232376470e-01,2.061930867698339165e-01,2.424658718052067063e-01
2.460000000000000000e+02,1.000000000000000000e+00,2.578000000000001402e-01,2.484643698810376222e-01,2.489300638090184425e-01,2.519578884227696713e-01,2.066272450829525487e-01,2.428216455321715317e-01
2.470000000000000000e+02,1.000000000000000000e+00,2.578000000000001402e-01,2.489368935703373809e-01,2.494049659257970286e-01,2.523119178268503626e-01,2.070588495236410642e-01,2.431740469963215301e-01
2.480000000000000000e+02,1.000000000000000000e+00,2.586000000000000520e-01,2.494062659172198992e-01,2.498767131973809452e-01,2.526617674551998038e-01,2.074879151146784839e-01,2.435231081622331317e-01
2.490000000000000000e+02,1.000000000000000000e+00,2.594250000000000722e-01,2.498725079385341608e-01,2.503453265805705152e-01,2.530074808958982513e-01,2.079144567904745167e-01,2.438688606915010160e-01
2.500000000000000000e+02,1.000000000000000000e+00,2.618250000000001410e-01,2.503356405109641858e-01,2.508108268930367979e-01,2.533491014048728229e-01,2.083384893975893937e-01,2.442113359456099808e-01
2.510000000000000000e+02,1.000000000000000000e+00,2.642499999999999849e-01,2.507956843719637563e-01,2.512732348142401317e-01,2.536866719054839958e-01,2.087600276952506495e-01,2.445505649887795285e-01
2.520000000000000000e+02,1.000000000000000000e+00,2.642499999999999849e-01,2.512526601206849231e-01,2.517325708863429323e-01,2.540202349882081934e-01,2.091790863558668223e-01,2.448865785907815840e-01
2.530000000000000000e+02,1.000000000000000000e+00,2.650500000000000633e-01,2.517065882189005177e-01,2.521888555151169942e-01,2.543498329104140754e-01,2.095956799655382119e-01,2.452194072297314842e-01
2.540000000000000000e+02,1.000000000000000000e+00,2.650500000000000633e-01,2.521574889919201978e-01,2.526421089708447698e-01,2.546755075962294224e-01,2.100098230245644737e-01,2.455490810948524893e-01
2.550000000000000000e+02,1.000000000000000000e+00,2.658500000000000307e-01,2.526053826295006077e-01,2.530923513892150978e-01,2.549973006364956163e-01,2.104215299479494095e-01,2.458756300892140367e-01
2.560000000000000000e+02,1.000000000000000000e+00,2.658500000000000307e-01,2.530502891867494331e-01,2.535396027722131573e-01,2.553152532888075532e-01,2.108308150659026492e-01,2.461990838324442099e-01
2.570000000000000000e+02,1.000000000000000000e+00,2.658500000000000307e-01,2.534922285850233492e-01,2.539838829890050942e-01,2.556294064776356012e-01,2.112376926243385300e-01,2.465194716634162564e-01
2.580000000000000000e+02,1.000000000000000000e+00,2.658500000000000307e-01,2.539312206128200300e-01,2.544252117768164290e-01,2.559398007945272169e-01,2.116421767853718383e-01,2.468368226429099033e-01
2.590000000000000000e+02,1.000000000000000000e+00,2.658500000000000307e-01,2.543672849266642721e-01,2.548636087418054696e-01,2.562464764983861665e-01,2.120442816278108322e-01,2.471511655562472209e-01
2.600000000000000000e+02,1.000000000000000000e+00,2.658500000000000307e-01,2.548004410519880136e-01,2.552990933599306178e-01,2.565494735158261319e-01,2.124440211476472384e-01,2.474625289159036179e-01
2.610000000000000000e+02,1.000000000000000000e+00,2.658500000000000307e-01,2.552307083840048563e-01,2.557316849778125678e-01,2.568488314415965368e-01,2.128414092585434458e-01,2.477709409640940774e-01
2.620000000000000000e+02,1.000000000000000000e+00,2.658500000000000307e-01,2.556581061885782047e-01,2.561614028135905108e-01,2.571445895390784830e-01,2.132364597923167293e-01,2.480764296753348586e-01
2.630000000000000000e+02,1.000000000000000000e+00,2.658500000000000307e-01,2.560826536030841316e-01,2.565882659577731761e-01,2.574367867408480226e-01,2.136291864994207534e-01,2.483790227589809385e-01
2.640000000000000000e+02,1.000000000000000000e+00,2.658500000000000307e-01,2.565043696372683035e-01,2.570122933740842663e-01,2.577254616493048212e-01,2.140196030494241619e-01,2.486787476617393911e-01
2.650000000000000000e+02,1.000000000000000000e+00,2.658500000000000307e-01,2.569232731740969666e-01,2.574335039003022851e-01,2.580106525373639381e-01,2.144077230314863913e-01,2.489756315701588951e-01
2.660000000000000000e+02,1.000000000000000000e+00,2.658500000000000307e-01,2.573393829706027147e-01,2.578519162490953143e-01,2.582923973492083913e-01,2.147935599548305985e-01,2.492697014130957345e-01
2.670000000000000000e+02,1.000000000000000000e+00,2.658500000000000307e-01,2.577527176587241509e-01,2.582675490088497949e-01,2.585707337011008411e-01,2.151771272492139508e-01,2.495609838641563993e-01
2.680000000000000000e+02,1.000000000000000000e+00,2.658500000000000307e-01,2.581632957461402755e-01,2.586804206444944798e-01,2.588456988822516180e-01,2.155584382653950581e-01,2.498495053441169567e-01
2.690000000000000000e+02,1.000000000000000000e+00,2.658500000000000307e-01,2.585711356170991571e-01,2.590905494983187785e-01,2.591173298557418181e-01,2.159375062755986285e-01,2.501352920233196331e-01
2.700000000000000000e+02,1.000000000000000000e+00,2.658500000000000307e-01,2.589762555332411620e-01,2.594979537907857736e-01,2.593856632594992440e-01,2.163143444739774601e-01,2.504183698240464162e-01
2.710000000000000000e+02,1.000000000000000000e+00,2.658500000000000307e-01,2.593786736344166344e-01,2.599026516213399640e-01,2.596507354073251395e-01,2.166889659770717125e-01,2.506987644228705903e-01
2.720000000000000000e+02,1.000000000000000000e+00,2.658500000000000307e-01,2.597784079394980239e-01,2.603046609692097890e-01,2.599125822899697180e-01,2.170613838242654303e-01,2.509765012529855399e-01
2.730000000000000000e+02,1.000000000000000000e+00,2.650500000000000633e-01,2.601754763471868515e-01,2.607039996942048798e-01,2.601712395762555974e-01,2.174316109782403472e-01,2.512516055065117104e-01
2.740000000000000000e+02,1.000000000000000000e+00,2.610250000000000625e-01,2.605698966368150682e-01,2.611006855375079261e-01,2.604267426142460873e-01,2.177996603254271912e-01,2.515241021367817242e-01
2.750000000000000000e+02,1.000000000000000000e+00,2.578000000000001402e-01,2.609616864691411964e-01,2.614947361224618239e-01,2.606791264324575530e-01,2.181655446764541040e-01,2.517940158606036816e-01
2.760000000000000000e+02,1.000000000000000000e+00,2.578000000000001402e-01,2.613508633871410858e-01,2.618861689553511618e-01,2.609284257411137453e-01,2.185292767665926172e-01,2.520613711605031448e-01
2.770000000000000000e+02,1.000000000000000000e+00,2.586000000000000520e-01,2.617374448167934520e-01,2.622750014261788221e-01,2.611746749334404871e-01,2.188908692562009095e-01,2.523261922869438623e-01
2.780000000000000000e+02,1.000000000000000000e+00,2.578000000000001402e-01,2.621214480678601411e-01,2.626612508094375298e-01,2.614179080869994398e-01,2.192503347311644535e-01,2.525885032605272862e-01
2.790000000000000000e+02,1.000000000000000000e+00,2.578000000000001402e-01,2.625028903346611764e-01,2.630449342648761846e-01,2.616581589650589512e-01,2.196076857033340823e-01,2.528483278741715523e-01
2.800000000000000000e+02,1.000000000000000000e+00,2.578000000000001402e-01,2.628817886968446982e-01,2.634260688382613624e-01,2.618954610180006526e-01,2.199629346109615302e-01,2.531056896952694202e-01
2.810000000000000000e+02,1.000000000000000000e+00,2.586000000000000520e-01,2.632581601201516852e-01,2.638046714621335997e-01,2.621298473847606947e-01,2.203160938191323637e-01,2.533606120678261187e-01
2.820000000000000000e+02,1.000000000000000000e+00,2.578000000000001402e-01,2.636320214571756249e-01,2.641807589565589032e-01,2.623613508943031802e-01,2.206671756201963042e-01,2.536131181145765967e-01
2.830000000000000000e+02,1.000000000000000000e+00,2.586000000000000520e-01,2.640033894481172427e-01,2.645543480298750971e-01,2.625900040671258484e-01,2.210161922341951635e-01,2.538632307390829568e-01
2.840000000000000000e+02,1.000000000000000000e+00,2.610250000000000625e-01,2.643722807215338477e-01,2.649254552794335082e-01,2.628158391167950692e-01,2.213631558092881424e-01,2.541109726278120151e-01
2.850000000000000000e+02,1.000000000000000000e+00,2.634500000000000730e-01,2.647387117950841251e-01,2.652940971923354874e-01,2.630388879515101475e-01,2.217080784221746870e-01,2.543563662521929336e-01
2.860000000000000000e+02,1.000000000000000000e+00,2.650500000000000633e-01,2.651026990762674895e-01,2.656602901461643795e-01,2.632591821756949391e-01,2.220509720785148466e-01,2.545994338706555338e-01
2.870000000000000000e+02,1.000000000000000000e+00,2.650500000000000633e-01,2.654642588631590527e-01,2.660240504097123870e-01,2.634767530916156120e-01,2.223918487133471344e-01,2.548401975306492928e-01
2.880000000000000000e+02,1.000000000000000000e+00,2.658500000000000307e-01,2.658234073451390955e-01,2.663853941437028805e-01,2.636916317010230548e-01,2.227307201915039170e-01,2.550786790706431328e-01
2.890000000000000000e+02,1.000000000000000000e+00,2.658500000000000307e-01,2.661801606036182655e-01,2.667443374015076585e-01,2.639038487068199879e-01,2.230675983080245006e-01,2.553149001221062253e-01
2.900000000000000000e+02,1.000000000000000000e+00,2.658500000000000307e-01,2.665345346127573345e-01,2.671008961298598217e-01,2.641134345147494455e-01,2.234024947885655532e-01,2.555488821114701437e-01
2.910000000000000000e+02,1.000000000000000000e+00,2.666750000000000509e-01,2.668865452401827376e-01,2.674550861695617066e-01,2.643204192351057968e-01,2.237354212898093053e-01,2.557806462620723087e-01
2.920000000000000000e+02,1.000000000000000000e+00,2.658500000000000307e-01,2.672362082476968936e-01,2.678069232561881563e-01,2.645248326844654718e-01,2.240663893998692535e-01,2.560102135960811154e-01
2.930000000000000000e+02,1.000000000000000000e+00,2.674750000000000738e-01,2.675835392919840849e-01,2.681564230207852395e-01,2.647267043874372838e-01,2.243954106386935599e-01,2.562376049364026298e-01
2.940000000000000000e+02,1.000000000000000000e+00,2.707000000000000517e-01,2.679285539253113968e-01,2.685036009905643062e-01,2.649260635784308482e-01,2.247224964584659535e-01,2.564628409085694116e-01
2.950000000000000000e+02,1.000000000000000000e+00,2.723000000000000975e-01,2.682712675962252158e-01,2.688484725895912697e-01,2.651229392034423205e-01,2.250476582440044115e-01,2.566859419426114064e-01
2.960000000000000000e+02,1.000000000000000000e+00,2.715000000000001856e-01,2.686116956502428432e-01,2.691910531394717809e-01,2.653173599218564549e-01,2.253709073131573426e-01,2.569069282749089078e-01
2.970000000000000000e+02,1.000000000000000000e+00,2.698750000000000315e-01,2.689498533305396677e-01,2.695313578600315174e-01,2.655093541082637065e-01,2.256922549171976045e-01,2.571258199500282560e-01
2.980000000000000000e+02,1.000000000000000000e+00,2.723000000000000975e-01,2.692857557786316747e-01,2.698694018699918096e-01,2.656989498542917105e-01,2.260117122412141077e-01,2.573426368225398275e-01
2.990000000000000000e+02,1.000000000000000000e+00,2.739249999999999741e-01,2.696194180350535152e-01,2.702052001876414922e-01,2.658861749704505839e-01,2.263292904045010878e-01,2.575573985588190395e-01
3.000000000000000000e+02,1.000000000000000000e+00,2.731000000000001759e-01,2.699508550400318563e-01,2.705387677315033712e-01,2.660710569879901621e-01,2.266450004609452118e-01,2.577701246388302003e-01
3.010000000000000000e+02,1.000000000000000000e+00,2.731000000000001759e-01,2.702800816341544565e-01,2.708701193209970826e-01,2.662536231607693926e-01,2.269588533994102431e-01,2.579808343578934293e-01
3.020000000000000000e+02,1.000000000000000000e+00,2.723000000000000975e-01,2.706071125590345794e-01,2.711992696770971767e-01,2.664339004671364974e-01,2.272708601441195964e-01,2.581895468284347017e-01
3.030000000000000000e+02,1.000000000000000000e+00,2.698750000000000315e-01,2.709319624579710761e-01,2.715262334229868180e-01,2.666119156118189060e-01,2.275810315550365615e-01,2.583962809817196837e-01
3.040000000000000000e+02,1.000000000000000000e+00,2.690750000000000641e-01,2.712546458766041946e-01,2.718510250847073761e-01,2.667876950278226245e-01,2.278893784282422508e-01,2.586010555695706925e-01
3.050000000000000000e+02,1.000000000000000000e+00,2.723000000000000975e-01,2.715751772635667249e-01,2.721736590918033549e-01,2.669612648783402653e-01,2.281959114963114377e-01,2.588038891660676688e-01
3.060000000000000000e+02,1.000000000000000000e+00,2.731000000000001759e-01,2.718935709711309823e-01,2.724941497779636568e-01,2.671326510586665148e-01,2.285006414286860910e-01,2.590048001692328850e-01
3.070000000000000000e+02,1.000000000000000000e+00,2.739249999999999741e-01,2.722098412558515701e-01,2.728125113816577962e-01,2.673018791981206510e-01,2.288035788320467723e-01,2.592038068026998876e-01
3.080000000000000000e+02,1.000000000000000000e+00,2.739249999999999741e-01,2.725240022792036476e-01,2.731287580467685605e-01,2.674689746619756114e-01,2.291047342506818130e-01,2.594009271173662312e-01
3.090000000000000000e+02,1.000000000000000000e+00,2.739249999999999741e-01,2.728360681082169781e-01,2.734429038232202847e-01,2.676339625533923350e-01,2.294041181668542706e-01,2.595961789930310015e-01
3.100000000000000000e+02,1.000000000000000000e+00,2.739249999999999741e-01,2.731460527161059249e-01,2.737549626676025749e-01,2.677968677153594323e-01,2.297017410011669147e-01,2.597895801400164628e-01
3.110000000000000000e+02,1.000000000000000000e+00,2.747250000000000525e-01,2.734539699828950621e-01,2.740649484437907013e-01,2.679577147326367981e-01,2.299976131129247703e-01,2.599811481007746061e-01
3.120000000000000000e+02,1.000000000000000000e+00,2.739249999999999741e-01,2.737598336960406220e-01,2.743728749235610498e-01,2.681165279337033858e-01,2.302917448004958012e-01,2.601709002514781544e-01
3.130000000000000000e+02,1.000000000000000000e+00,2.739249999999999741e-01,2.740636575510479456e-01,2.746787557872029661e-01,2.682733313927075369e-01,2.305841463016693738e-01,2.603588538035968569e-01
3.140000000000000000e+02,1.000000000000000000e+00,2.739249999999999741e-01,2.743654551520846585e-01,2.749826046241263811e-01,2.684281489314201408e-01,2.308748277940124993e-01,2.605450258054584634e-01
3.150000000000000000e+02,1.000000000000000000e+00,2.731000000000001759e-01,2.746652400125897953e-01,2.752844349334656049e-01,2.685810041211899035e-01,2.311637993952241898e-01,2.607294331437953194e-01
3.160000000000000000e+02,1.000000000000000000e+00,2.731000000000001759e-01,2.749630255558790370e-01,2.755842601246786816e-01,2.687319202848995614e-01,2.314510711634875928e-01,2.609120925452759199e-01
3.170000000000000000e+02,1.000000000000000000e+00,2.739249999999999741e-01,2.752588251157455090e-01,2.758820935181432454e-01,2.688809204989231483e-01,2.317366530978200168e-01,2.610930205780220836e-01
3.180000000000000000e+02,1.000000000000000000e+00,2.739249999999999741e-01,2.755526519370570249e-01,2.761779483457483253e-01,2.690280275950836519e-01,2.320205551384210974e-01,2.612722336531119183e-01
3.190000000000000000e+02,1.000000000000000000e+00,2.739249999999999741e-01,2.758445191763490567e-01,2.764718377514818193e-01,2.691732641626106703e-01,2.323027871670186317e-01,2.614497480260681850e-01
3.200000000000000000e+02,1.000000000000000000e+00,2.739249999999999741e-01,2.761344399024138752e-01,2.767637747920145275e-01,2.693166525500969022e-01,2.325833590072126644e-01,2.616255797983329523e-01
3.210000000000000000e+02,1.000000000000000000e+00,2.739249999999999741e-01,2.764224270968857478e-01,2.770537724372801880e-01,2.694582148674538602e-01,2.328622804248172973e-01,2.617997449187278725e-01
3.220000000000000000e+02,1.000000000000000000e+00,2.755250000000000199e-01,2.767084936548221408e-01,2.773418435710516272e-01,2.695979729878661968e-01,2.331395611282007230e-01,2.619722591849010795e-01
3.230000000000000000e+02,1.000000000000000000e+00,2.803500000000000991e-01,2.769926523852810907e-01,2.776280009915130242e-01,2.697359485497435316e-01,2.334152107686230937e-01,2.621431382447598213e-01
3.240000000000000000e+02,1.000000000000000000e+00,2.819750000000000867e-01,2.772749160118948564e-01,2.779122574118285116e-01,2.698721629586701698e-01,2.336892389405723913e-01,2.623123975978900457e-01
3.250000000000000000e+02,1.000000000000000000e+00,2.819750000000000867e-01,2.775552971734395746e-01,2.781946254607068347e-01,2.700066373893519334e-01,2.339616551820984380e-01,2.624800525969621656e-01
3.260000000000000000e+02,1.000000000000000000e+00,2.819750000000000867e-01,2.778338084244012518e-01,2.784751176829624586e-01,2.701393927875594403e-01,2.342324689751449363e-01,2.626461184491236667e-01
3.270000000000000000e+02,1.000000000000000000e+00,2.819750000000000867e-01,2.781104622355377587e-01,2.787537465400727887e-01,2.702704498720683302e-01,2.345016897458793992e-01,2.628106102173783931e-01
3.280000000000000000e+02,1.000000000000000000e+00,2.852000000000000091e-01,2.783852709944373838e-01,2.790305244107318394e-01,2.703998291365947715e-01,2.347693268650213050e-01,2.629735428219530102e-01
3.290000000000000000e+02,1.000000000000000000e+00,2.884250000000000980e-01,2.786582470060733896e-01,2.793054635913999606e-01,2.705275508517270833e-01,2.350353896481682525e-01,2.631349310416501441e-01
3.300000000000000000e+02,1.000000000000000000e+00,2.900250000000001438e-01,2.789294024933551275e-01,2.795785762968502897e-01,2.706536350668525270e-01,2.352998873561202020e-01,2.632947895151889761e-01
3.310000000000000000e+02,1.000000000000000000e+00,2.900250000000001438e-01,2.791987495976750999e-01,2.798498746607113175e-01,2.707781016120789364e-01,2.355628291952018560e-01,2.634531327425331249e-01
3.320000000000000000e+02,1.000000000000000000e+00,2.900250000000001438e-01,2.794663003794529144e-01,2.801193707360059015e-01,2.709009701001510728e-01,2.358242243175830422e-01,2.636099750862057611e-01
3.330000000000000000e+02,1.000000000000000000e+00,2.900250000000001438e-01,2.797320668186750181e-01,2.803870764956866712e-01,2.710222599283612643e-01,2.360840818215972636e-01,2.637653307725924545e-01
3.340000000000000000e+02,1.000000000000000000e+00,2.900250000000001438e-01,2.799960608154313801e-01,2.806530038331681021e-01,2.711419902804539928e-01,2.363424107520584738e-01,2.639192138932313636e-01
3.350000000000000000e+02,1.000000000000000000e+00,2.916500000000000759e-01,2.802582941904480651e-01,2.809171645628546488e-01,2.712601801285242642e-01,2.365992201005757967e-01,2.640716384060917132e-01
3.360000000000000000e+02,1.000000000000000000e+00,2.916500000000000759e-01,2.805187786856168097e-01,2.811795704206657698e-01,2.713768482349094846e-01,2.368545188058665263e-01,2.642226181368396709e-01
3.370000000000000000e+02,1.000000000000000000e+00,2.940500000000000336e-01,2.807775259645205468e-01,2.814402330645571215e-01,2.714920131540742854e-01,2.371083157540673225e-01,2.643721667800923436e-01
3.380000000000000000e+02,1.000000000000000000e+00,2.924499999999999877e-01,2.810345476129557096e-01,2.816991640750386994e-01,2.716056932344884656e-01,2.373606197790434080e-01,2.645202979006601729e-01
3.390000000000000000e+02,1.000000000000000000e+00,2.932500000000000662e-01,2.812898551394512059e-01,2.819563749556890930e-01,2.717179066204976068e-01,2.376114396626961001e-01,2.646670249347771176e-01
3.400000000000000000e+02,1.000000000000000000e+00,2.900250000000001438e-01,2.815434599757833944e-01,2.822118771336666332e-01,2.718286712541859718e-01,2.378607841352684826e-01,2.648123611913195119e-01
3.410000000000000000e+02,1.000000000000000000e+00,2.908250000000000557e-01,2.817953734774882313e-01,2.824656819602170965e-01,2.719380048772315761e-01,2.381086618756492745e-01,2.649563198530131558e-01
3.420000000000000000e+02,1.000000000000000000e+00,2.900250000000001438e-01,2.820456069243696406e-01,2.827178007111779134e-01,2.720459250327535439e-01,2.383550815116748656e-01,2.650989139776291359e-01
3.430000000000000000e+02,1.000000000000000000e+00,2.900250000000001438e-01,2.822941715210045555e-01,2.829682445874791008e-01,2.721524490671508589e-01,2.386000516204297428e-01,2.652401564991682115e-01
3.440000000000000000e+02,1.000000000000000000e+00,2.892250000000000654e-01,2.825410783972445716e-01,2.832170247156409193e-01,2.722575941319327897e-01,2.388435807285448631e-01,2.653800602290339317e-01
3.450000000000000000e+02,1.000000000000000000e+00,2.876000000000001333e-01,2.827863386087144937e-01,2.834641521482682003e-01,2.723613771855409316e-01,2.390856773124946100e-01,2.655186378571947614e-01
3.460000000000000000e+02,1.000000000000000000e+00,2.844000000000000972e-01,2.830299631373072167e-01,2.837096378645412309e-01,2.724638149951620347e-01,2.393263497988917243e-01,2.656559019533351051e-01
3.470000000000000000e+02,1.000000000000000000e+00,2.819750000000000867e-01,2.832719628916754440e-01,2.839534927707036416e-01,2.725649241385321719e-01,2.395656065647805977e-01,2.657918649679954504e-01
3.480000000000000000e+02,1.000000000000000000e+00,2.819750000000000867e-01,2.835123487077202409e-01,2.841957277005469629e-01,2.726647210057314141e-01,2.398034559379289554e-01,2.659265392337016309e-01
3.490000000000000000e+02,1.000000000000000000e+00,2.827749999999999986e-01,2.837511313490760911e-01,2.844363534158917961e-01,2.727632218009695131e-01,2.400399061971176251e-01,2.660599369660835989e-01
3.500000000000000000e+02,1.000000000000000000e+00,2.819750000000000867e-01,2.839883215075930112e-01,2.846753806070660420e-01,2.728604425443618697e-01,2.402749655724287225e-01,2.661920702649832604e-01
3.510000000000000000e+02,1.000000000000000000e+00,2.819750000000000867e-01,2.842239298038151674e-01,2.849128198933796874e-01,2.729563990736960655e-01,2.405086422455320894e-01,2.663229511155521534e-01
3.520000000000000000e+02,1.000000000000000000e+00,2.827749999999999986e-01,2.844579667874564399e-01,2.851486818235968168e-01,2.730511070461883461e-01,2.407409443499701485e-01,2.664525913893383557e-01
3.530000000000000000e+02,1.000000000000000000e+00,2.819750000000000867e-01,2.846904429378729340e-01,2.853829768764039598e-01,2.731445819402305575e-01,2.409718799714409276e-01,2.665810028453635683e-01
3.540000000000000000e+02,1.000000000000000000e+00,2.827749999999999986e-01,2.849213686645321042e-01,2.856157154608758297e-01,2.732368390571267014e-01,2.412014571480795289e-01,2.667081971311894839e-01
3.550000000000000000e+02,1.000000000000000000e+00,2.827749999999999986e-01,2.851507543074787709e-01,2.858469079169377869e-01,2.733278935228194984e-01,2.414296838707379045e-01,2.668341857839743869e-01
3.560000000000000000e+02,1.000000000000000000e+00,2.819750000000000867e-01,2.853786101377983053e-01,2.860765645158250270e-01,2.734177602896067372e-01,2.416565680832629959e-01,2.669589802315196492e-01
3.570000000000000000e+02,1.000000000000000000e+00,2.819750000000000867e-01,2.856049463580763170e-01,2.863046954605389938e-01,2.735064541378473546e-01,2.418821176827732344e-01,2.670825917933061788e-01
3.580000000000000000e+02,1.000000000000000000e+00,2.827749999999999986e-01,2.858297731028556776e-01,2.865313108863006830e-01,2.735939896776564684e-01,2.421063405199334051e-01,2.672050316815212656e-01
3.590000000000000000e+02,1.000000000000000000e+00,2.819750000000000867e-01,2.860531004390902687e-01,2.867564208610009491e-01,2.736803813505907512e-01,2.423292443992279277e-01,2.673263110020755451e-01
3.600000000000000000e+02,1.000000000000000000e+00,2.844000000000000972e-01,2.862749383665956215e-01,2.869800353856476471e-01,2.737656434313222586e-01,2.425508370792324730e-01,2.674464407556103596e-01
3.610000000000000000e+02,1.000000000000000000e+00,2.835750000000000770e-01,2.864952968184968363e-01,2.872021643948100555e-01,2.738497900293020426e-01,2.427711262728840524e-01,2.675654318384955710e-01
3.620000000000000000e+02,1.000000000000000000e+00,2.827749999999999986e-01,2.867141856616732265e-01,2.874228177570602449e-01,2.739328350904128295e-01,2.429901196477494418e-01,2.676832950438178815e-01
3.630000000000000000e+02,1.000000000000000000e+00,2.819750000000000867e-01,2.869316146972002435e-01,2.876420052754115053e-01,2.740147923986107070e-01,2.432078248262921072e-01,2.678000410623598837e-01
3.640000000000000000e+02,1.000000000000000000e+00,2.819750000000000867e-01,2.871475936607881807e-01,2.878597366877537200e-01,2.740956755775558196e-01,2.434242493861374645e-01,2.679156804835697292e-01
3.650000000000000000e+02,1.000000000000000000e+00,2.819750000000000867e-01,2.873621322232182695e-01,2.880760216672861862e-01,2.741754980922322393e-01,2.436394008603366690e-01,2.680302237965216383e-01
3.660000000000000000e+02,1.000000000000000000e+00,2.819750000000000867e-01,2.875752399907755552e-01,2.882908698229472155e-01,2.742542732505564573e-01,2.438532867376288216e-01,2.681436813908674166e-01
3.670000000000000000e+02,1.000000000000000000e+00,2.819750000000000867e-01,2.877869265056791637e-01,2.885042906998411816e-01,2.743320142049750499e-01,2.440659144627015942e-01,2.682560635577785901e-01
3.680000000000000000e+02,1.000000000000000000e+00,2.819750000000000867e-01,2.879972012465094600e-01,2.887162937796624584e-01,2.744087339540508541e-01,2.442772914364504111e-01,2.683673804908802141e-01
3.690000000000000000e+02,1.000000000000000000e+00,2.819750000000000867e-01,2.882060736286325420e-01,2.889268884811166394e-01,2.744844453440379861e-01,2.444874250162360207e-01,2.684776422871751889e-01
3.700000000000000000e+02,1.000000000000000000e+00,2.819750000000000867e-01,2.884135530046217921e-01,2.891360841603390908e-01,2.745591610704455898e-01,2.446963225161405131e-01,2.685868589479602497e-01
3.710000000000000000e+02,1.000000000000000000e+00,2.819750000000000867e-01,2.886196486646766535e-01,2.893438901113104533e-01,2.746328936795904285e-01,2.449039912072220604e-01,2.686950403797331299e-01
3.720000000000000000e+02,1.000000000000000000e+00,2.819750000000000867e-01,2.888243698370386303e-01,2.895503155662698114e-01,2.747056555701377634e-01,2.451104383177678259e-01,2.688021963950911197e-01
3.730000000000000000e+02,1.000000000000000000e+00,2.819750000000000867e-01,2.890277256884044577e-01,2.897553696961246428e-01,2.747774589946310742e-01,2.453156710335456792e-01,2.689083367136210767e-01
3.740000000000000000e+02,1.000000000000000000e+00,2.819750000000000867e-01,2.892297253243366062e-01,2.899590616108582708e-01,2.748483160610104559e-01,2.455196964980542462e-01,2.690134709627810539e-01
3.750000000000000000e+02,1.000000000000000000e+00,2.819750000000000867e-01,2.894303777896710117e-01,2.901614003599346514e-01,2.749182387341193579e-01,2.457225218127715993e-01,2.691176086787736565e-01
3.760000000000000000e+02,1.000000000000000000e+00,2.819750000000000867e-01,2.896296920689219179e-01,2.903623949327003295e-01,2.749872388371997767e-01,2.459241540374023649e-01,2.692207593074108507e-01
3.770000000000000000e+02,1.000000000000000000e+00,2.819750000000000867e-01,2.898276770866843877e-01,2.905620542587840083e-01,2.750553280533765688e-01,2.461246001901235270e-01,2.693229322049709440e-01
3.780000000000000000e+02,1.000000000000000000e+00,2.819750000000000867e-01,2.900243417080337616e-01,2.907603872084928986e-01,2.751225179271296062e-01,2.463238672478287039e-01,2.694241366390470183e-01
3.790000000000000000e+02,1.000000000000000000e+00,2.819750000000000867e-01,2.902196947389226733e-01,2.909574025932072372e-01,2.751888198657547191e-01,2.465219621463708988e-01,2.695243817893878124e-01
3.800000000000000000e+02,1.000000000000000000e+00,2.827749999999999986e-01,2.904137449265752902e-01,2.911531091657715287e-01,2.752542451408131474e-01,2.467188917808040283e-01,2.696236767487301123e-01
3.810000000000000000e+02,1.000000000000000000e+00,2.819750000000000867e-01,2.906065009598791105e-01,2.913475156208832906e-01,2.753188048895695572e-01,2.469146630056228420e-01,2.697220305236236459e-01
3.820000000000000000e+02,1.000000000000000000e+00,2.844000000000000972e-01,2.907979714697738749e-01,2.915406305954795774e-01,2.753825101164184552e-01,2.471092826350015370e-01,2.698194520352480419e-01
3.830000000000000000e+02,1.000000000000000000e+00,2.827749999999999986e-01,2.909881650296380906e-01,2.917324626691205069e-01,2.754453716942991126e-01,2.473027574430309572e-01,2.699159501202219591e-01
3.840000000000000000e+02,1.000000000000000000e+00,2.827749999999999986e-01,2.911770901556729463e-01,2.919230203643705113e-01,2.755074003660988868e-01,2.474950941639543212e-01,2.700115335314046683e-01
3.850000000000000000e+02,1.000000000000000000e+00,2.852000000000000091e-01,2.913647553072835628e-01,2.921123121471770334e-01,2.755686067460455524e-01,2.476862994924016736e-01,2.701062109386899168e-01
3.860000000000000000e+02,1.000000000000000000e+00,2.819750000000000867e-01,2.915511688874578566e-01,2.923003464272465046e-01,2.756290013210874190e-01,2.478763800836228381e-01,2.701999909297923552e-01
3.870000000000000000e+02,1.000000000000000000e+00,2.827749999999999986e-01,2.917363392431427949e-01,2.924871315584180453e-01,2.756885944522627363e-01,2.480653425537191759e-01,2.702928820110265251e-01
3.880000000000000000e+02,1.000000000000000000e+00,2.892250000000000654e-01,2.919202746656180403e-01,2.926726758390345573e-01,2.757473963760571078e-01,2.482531934798737905e-01,2.703848926080784087e-01
